100 100 331
67 39
82 92
53 24
70 78
44 69
100 43
85 16
84 30
90 24
25 52
45 24
94 73
52 16
57 73
63 8
54 60
91 29
86 8
24 75
53 10
62 66
35 89
78 56
48 41
44 40
44 11
30 96
69 82
75 61
55 87
92 14
52 52
48 10
2 36
87 44
6 84
75 81
76 31
87 71
57 20
53 82
41 20
8 63
76 96
58 58
61 28
80 64
13 68
14 37
27 43
44 17
39 72
96 63
64 34
53 10
82 67
26 33
64 59
16 80
46 65
9 94
11 15
65 78
74 87
4 94
76 56
82 95
16 16
27 53
74 27
55 1
98 6
23 89
58 38
38 91
74 21
26 96
10 52
15 62
95 66
52 77
51 77
13 17
31 32
46 67
18 88
20 9
69 50
26 39
51 74
100 23
83 71
90 19
34 99
98 81
69 82
7 15
56 86
17 49
85 21
37 60
57 17
41 79
45 56
42 80
36 52
67 89
7 82
18 13
35 34
66 5
91 97
51 45
54 15
97 68
20 84
10 58
10 80
78 72
14 52
27 81
32 8
13 86
89 70
28 58
57 16
27 68
74 58
43 64
11 98
81 62
70 26
47 76
87 90
55 75
23 23
3 48
6 26
42 6
93 28
23 21
74 36
56 63
46 88
14 59
77 81
54 61
81 6
95 51
67 20
72 10
11 41
23 21
45 66
90 4
65 24
95 24
15 53
38 9
84 11
90 36
13 34
55 99
9 55
61 3
26 56
42 39
15 13
52 90
49 39
83 39
58 7
21 17
68 16
38 24
93 75
5 55
25 86
45 37
53 17
80 24
16 16
25 98
83 69
36 82
33 89
28 40
69 54
49 29
21 5
5 18
9 65
23 91
65 93
37 98
50 15
71 5
37 14
41 38
59 45
86 1
38 38
62 66
100 23
37 94
83 30
2 29
43 15
49 46
83 96
92 33
60 3
13 64
75 68
43 84
38 96
75 99
92 96
69 14
52 92
46 15
46 79
100 27
38 52
8 42
29 73
43 93
94 65
10 65
77 41
3 12
20 94
17 7
92 44
77 94
11 19
29 94
70 15
60 68
56 55
1 12
73 49
26 53
8 73
29 35
69 33
40 51
75 42
54 93
68 20
94 51
100 67
67 21
76 89
80 12
58 97
8 59
32 81
46 58
95 3
53 62
87 14
18 38
3 18
73 83
81 97
82 24
68 26
40 3
3 88
20 70
45 42
38 49
97 65
61 35
68 62
61 43
83 5
42 77
50 92
61 2
8 80
62 98
97 19
78 59
23 4
48 86
67 9
27 68
26 94
22 21
5 63
19 92
71 11
73 28
55 69
90 23
89 63
1 82
7 51
5 40
59 43
87 27
24 93
98 87
25 10
62 67
100 8
100 74
98 74
56 49
29 54
20 53
87 89
82 61
26 65
78 90
77 38
14 31
64 93
19 99
24 97
79 24
38 56
7 69
76 97
15 17
55 32
81 66
53 28
76 94
