100 100 100
52 28
50 98
84 21
28 81
54 32
27 81
59 1
61 53
32 7
76 63
85 77
33 34
65 25
72 6
11 45
32 32
46 39
92 40
14 38
39 95
39 69
77 91
97 73
48 73
6 21
62 83
45 46
25 15
27 17
89 24
69 16
37 36
85 88
30 9
31 50
54 55
3 76
44 73
47 28
39 51
56 97
65 61
68 16
58 27
79 76
49 32
24 21
12 16
49 10
62 6
33 26
6 31
97 2
49 7
74 89
44 66
29 10
27 92
61 7
24 98
38 56
76 71
68 96
17 74
93 26
70 53
40 78
30 29
12 37
22 29
32 96
87 87
98 1
84 83
62 17
19 24
29 95
31 37
66 68
97 81
36 53
84 44
22 24
24 30
94 86
88 61
92 85
17 43
84 15
2 60
1 23
58 5
67 90
67 77
76 69
15 34
53 30
99 25
33 33
22 7
