30 30 123
18 17
30 30
7 27
23 27
5 30
3 20
1 16
14 1
29 12
3 25
24 2
7 14
16 20
3 23
14 17
7 9
9 13
2 24
9 30
12 27
12 25
24 13
8 9
19 19
22 6
20 16
9 21
4 15
1 30
16 18
12 28
3 29
22 25
9 8
14 4
10 25
2 28
26 22
22 26
21 13
24 22
27 21
24 12
2 7
12 6
23 29
1 28
16 22
10 23
16 11
20 21
15 8
15 16
5 19
24 8
23 13
20 10
22 28
23 26
27 30
26 15
2 9
19 30
20 23
14 4
28 11
6 24
21 20
6 30
25 13
20 15
12 16
18 27
4 28
21 26
28 24
8 10
16 3
8 28
9 1
26 9
21 4
1 11
11 16
17 9
12 17
3 8
9 23
16 26
24 24
5 7
5 13
27 22
2 10
22 25
10 19
23 11
3 29
28 1
9 4
19 28
3 30
3 7
8 28
21 6
19 28
20 29
26 26
18 17
7 13
19 4
17 3
2 11
22 23
2 10
24 26
2 15
13 25
18 7
4 29
29 19
5 27
12 6
