16 16 100
3 5
11 2
2 14
7 9
13 5
3 10
1 16
9 8
15 2
2 10
7 9
10 9
1 12
2 8
3 10
3 13
13 11
16 7
2 4
3 9
12 10
3 1
9 12
15 8
11 7
13 4
15 13
16 2
15 6
6 8
2 9
3 6
13 9
14 14
9 4
5 10
12 3
2 14
15 13
14 7
2 1
16 1
15 3
6 1
11 14
16 12
1 15
3 2
6 6
11 2
14 1
6 10
7 2
13 15
6 14
15 3
15 13
14 15
15 6
6 10
10 15
3 4
5 6
14 10
15 13
5 15
3 4
2 12
9 12
8 3
14 14
16 1
2 13
7 2
2 12
16 7
9 4
6 5
7 15
4 14
3 11
10 16
16 11
8 11
4 12
2 12
13 4
13 2
8 11
4 14
3 1
11 15
2 3
11 7
16 15
1 2
14 3
10 11
6 9
7 2
