100 100 1000
7 87
23 22
51 91
54 50
97 45
95 76
88 93
72 89
14 98
34 19
21 78
67 17
61 15
16 46
85 10
37 34
17 43
2 5
88 13
34 66
25 70
54 75
35 56
11 70
99 94
40 34
32 12
58 59
94 7
92 9
88 83
46 89
16 4
46 27
48 93
73 88
7 67
49 85
65 11
45 6
31 75
64 24
18 65
45 91
61 30
68 37
10 63
61 71
19 34
44 46
87 26
51 56
10 67
56 9
98 99
85 98
58 72
79 76
86 2
88 69
36 38
62 35
56 43
5 53
54 70
89 55
63 16
43 13
90 32
51 26
47 72
86 31
96 3
53 74
5 8
56 30
52 71
44 83
10 10
23 16
96 73
78 48
85 89
97 21
41 53
83 23
63 28
51 51
17 38
38 83
49 59
1 36
9 59
41 7
100 60
100 20
35 35
13 77
1 58
33 25
9 97
48 26
59 53
24 50
36 5
23 79
49 38
9 35
58 70
92 91
4 47
3 82
59 66
64 25
97 7
20 6
59 9
10 84
57 19
98 26
99 53
19 49
21 65
50 23
78 34
25 50
48 17
68 80
55 89
44 46
3 26
27 35
85 70
92 81
25 58
14 90
83 13
77 40
64 96
37 6
14 85
93 83
90 86
75 23
70 57
72 26
25 28
33 31
21 62
72 87
25 92
92 35
96 11
77 13
36 24
90 98
34 74
66 1
56 29
43 82
52 35
65 51
17 20
91 92
52 64
73 80
42 13
49 10
26 40
69 77
26 7
11 8
7 94
89 93
18 8
97 17
45 75
75 92
36 60
47 7
64 16
89 58
50 4
67 87
73 40
5 97
96 100
19 26
82 12
43 7
18 34
65 91
80 16
62 74
82 11
87 4
5 52
48 48
27 17
17 29
75 52
83 4
20 74
36 79
67 71
77 57
24 1
51 58
78 93
87 10
46 36
34 29
55 38
93 53
73 82
33 75
79 65
97 94
9 41
48 40
11 42
9 90
51 78
90 57
62 63
98 27
84 36
22 18
72 65
31 69
8 15
81 75
10 6
35 17
67 44
22 8
43 55
39 93
4 13
2 9
54 46
7 5
38 98
91 17
31 45
43 31
43 4
98 84
65 43
15 7
99 87
94 43
8 68
60 69
34 11
33 87
16 15
98 26
18 81
55 76
74 14
8 41
31 52
27 73
58 36
84 67
13 56
33 29
22 55
32 51
63 32
90 47
46 62
37 28
55 42
99 31
27 76
72 36
48 92
65 63
89 56
71 27
55 15
34 32
24 93
37 65
18 50
89 61
69 1
65 60
83 10
65 35
50 12
47 10
33 26
21 10
71 11
99 55
31 39
36 5
43 1
2 85
86 37
9 57
76 8
91 84
77 15
79 96
37 12
32 31
21 49
24 100
48 43
46 21
24 81
35 14
16 37
45 68
22 58
71 99
72 70
47 35
90 9
84 42
85 77
41 55
28 10
54 57
10 74
58 72
56 10
74 22
22 27
36 37
38 93
82 20
49 38
61 90
47 62
100 51
7 77
79 92
24 17
23 57
86 66
79 80
9 56
61 31
97 71
16 10
87 91
99 74
24 62
55 35
78 40
64 72
44 75
92 79
89 74
26 82
19 32
12 61
75 33
15 22
93 58
82 29
90 77
78 85
44 25
27 36
54 64
35 75
38 73
69 30
29 33
38 81
64 83
16 12
17 30
64 6
43 92
74 50
97 92
53 2
96 51
26 40
53 73
75 3
35 98
60 10
43 69
95 49
66 77
95 32
20 50
93 49
29 10
25 97
61 81
88 50
68 1
6 18
65 91
70 45
36 88
7 57
60 14
44 93
95 71
28 9
64 3
12 54
49 8
35 59
50 57
8 21
55 56
91 81
70 80
25 85
28 80
13 80
12 29
56 8
52 63
2 29
24 39
58 29
87 29
70 51
29 38
27 22
93 49
72 38
16 7
32 7
63 76
90 30
93 10
4 31
61 51
54 21
73 56
77 51
29 46
54 62
52 6
84 94
58 84
63 69
21 74
87 53
90 31
3 20
75 67
69 78
36 32
34 13
37 22
37 20
11 58
56 76
11 64
25 24
40 83
46 75
84 48
95 24
13 55
6 6
13 35
83 24
21 40
66 56
46 28
67 27
24 20
48 82
77 88
72 7
95 13
18 65
76 55
40 28
68 7
28 1
49 29
18 31
45 25
48 27
58 47
75 68
33 44
57 66
91 43
56 67
32 24
88 13
61 51
53 67
20 1
81 52
94 68
21 60
24 57
65 3
46 23
95 95
75 42
100 48
21 17
29 95
33 74
36 33
59 77
55 76
63 21
26 35
83 57
69 10
94 48
5 9
82 49
20 18
78 63
43 70
54 20
48 47
88 60
89 14
88 96
64 80
32 6
2 56
44 46
9 51
8 79
74 76
52 30
4 17
87 85
1 10
60 95
72 41
36 72
27 73
37 74
65 31
65 45
68 38
50 45
19 63
90 91
60 94
80 7
49 87
85 76
61 7
58 78
94 46
54 8
39 65
7 19
83 55
97 64
23 65
3 18
22 43
47 2
32 13
47 96
40 55
45 48
22 4
57 37
57 22
79 32
89 66
38 4
95 97
79 32
62 15
67 25
31 26
65 98
36 78
48 93
3 98
52 73
9 20
67 22
53 33
13 75
94 93
54 10
32 8
66 58
67 51
47 56
9 18
38 52
32 72
61 68
99 10
93 33
89 88
51 90
96 94
78 11
87 32
95 19
42 94
51 2
45 57
87 90
14 88
90 17
100 43
57 31
45 64
97 45
81 18
42 70
41 1
45 58
99 40
50 23
83 57
34 10
84 74
48 95
19 28
49 77
27 27
28 66
37 42
35 7
61 43
93 85
77 2
6 53
35 23
78 15
2 4
1 11
90 35
48 75
65 69
25 4
80 36
98 85
72 88
67 47
12 42
59 92
8 75
39 72
54 54
36 48
65 95
75 63
79 37
70 63
64 78
88 49
77 10
98 11
66 66
12 75
62 89
13 86
95 72
32 47
99 98
76 73
38 93
3 97
31 14
56 31
40 58
14 32
42 2
93 78
30 62
5 59
77 93
95 24
94 70
56 83
31 86
6 13
35 62
97 6
84 53
77 41
19 3
75 18
69 14
31 21
98 69
8 62
85 48
81 70
74 68
18 66
31 74
38 21
30 27
51 88
36 94
81 99
89 18
48 7
86 49
31 54
93 80
96 23
14 56
49 24
23 78
94 29
18 74
58 48
34 78
93 40
31 10
80 10
77 31
83 33
3 53
37 42
62 35
29 44
26 47
34 50
83 36
93 56
21 48
49 46
10 93
99 19
68 44
69 45
59 23
33 32
55 54
23 96
1 38
54 40
92 94
80 93
29 21
71 10
73 61
77 98
39 97
25 29
78 50
68 57
84 83
35 52
60 7
17 53
15 34
2 71
69 3
17 2
68 50
36 34
7 4
3 43
39 12
23 84
54 3
8 55
3 44
40 97
51 45
11 58
15 16
61 6
63 10
19 86
10 97
23 68
60 98
13 77
71 49
10 68
83 74
96 16
53 11
21 9
28 63
65 32
54 13
66 43
8 17
38 83
35 52
27 61
14 69
32 26
64 32
46 70
18 90
25 97
12 92
11 96
2 66
66 84
42 67
37 90
99 36
75 38
34 85
55 54
41 64
70 89
11 65
28 20
81 2
21 42
20 24
34 38
36 60
66 29
46 52
94 67
80 1
5 100
28 16
5 28
18 13
86 13
31 1
43 46
70 33
96 1
70 65
78 70
100 47
78 20
88 86
91 47
45 20
34 45
60 17
4 28
2 21
85 83
25 61
44 50
35 60
94 8
99 46
68 78
84 1
19 1
99 97
11 71
38 73
15 77
62 4
79 9
18 29
62 97
72 34
87 57
14 41
21 1
64 54
20 62
63 89
92 27
97 51
6 36
50 23
22 34
4 16
69 12
74 80
66 71
74 69
47 27
8 19
50 40
41 62
48 24
64 31
2 54
22 21
27 15
80 73
85 73
73 55
35 7
54 83
23 27
69 34
44 3
38 71
80 23
31 43
93 93
18 27
100 8
1 49
74 7
61 27
50 89
73 60
64 48
65 90
92 20
81 83
43 78
34 34
83 57
66 15
37 17
14 29
25 44
22 8
9 17
71 52
65 41
24 62
19 20
78 57
14 41
50 57
85 82
33 65
30 71
11 50
39 49
56 74
13 81
38 76
10 24
27 50
2 56
40 12
93 88
4 81
11 42
54 8
32 62
16 6
58 82
88 87
24 94
30 42
85 62
100 83
39 37
26 71
77 26
47 66
19 6
23 65
42 62
20 55
94 24
85 1
45 27
33 65
14 50
99 45
21 100
30 26
70 80
77 90
58 75
95 30
2 31
87 85
93 39
21 60
78 48
85 59
53 93
5 51
74 37
72 20
34 95
76 89
19 90
65 54
11 2
36 19
80 44
22 17
7 10
44 92
46 83
87 41
17 93
78 3
