50 100 100
14 60
1 19
30 47
17 47
29 48
12 83
36 60
20 22
25 95
50 93
36 20
35 48
39 87
14 59
44 56
2 17
6 14
1 53
1 22
23 56
7 91
33 57
11 65
25 21
50 82
22 22
48 84
12 7
49 30
25 13
12 99
35 21
35 71
16 46
6 83
48 79
24 32
2 42
3 40
27 79
21 5
27 5
34 100
13 38
45 41
42 35
32 80
26 14
48 48
35 25
6 66
33 3
34 93
3 58
48 86
11 1
18 9
21 92
33 67
13 62
12 95
37 97
44 50
20 97
20 61
32 25
42 100
13 34
12 53
26 99
33 52
21 38
2 30
3 2
8 14
6 91
50 70
8 62
39 90
4 11
33 64
5 23
14 9
44 9
23 16
9 98
30 76
38 62
37 29
10 31
17 82
36 27
9 45
50 77
39 51
9 89
28 16
32 64
31 38
15 45
