100 100 10000
78 17
43 81
4 31
62 92
18 2
97 75
51 93
1 64
96 18
51 63
64 20
10 40
99 13
34 55
82 56
98 5
54 58
18 1
98 31
28 28
49 94
34 60
10 58
10 66
15 5
20 36
64 22
57 36
72 21
71 59
48 58
22 22
90 21
28 77
64 17
95 41
45 17
83 6
84 63
60 31
94 44
77 10
97 17
81 43
79 66
79 6
27 32
82 83
48 11
14 36
82 29
26 61
14 22
88 48
86 64
8 51
85 36
66 30
47 24
26 77
36 79
80 10
24 74
69 80
64 70
7 61
28 18
45 94
15 58
47 17
48 74
68 21
1 40
60 14
70 42
60 99
56 85
74 99
52 16
85 98
1 81
36 63
35 87
3 19
3 16
78 36
26 17
14 96
47 5
94 3
100 42
24 20
82 9
56 61
49 23
8 46
64 1
63 72
36 96
80 79
48 79
40 51
20 57
85 34
67 31
78 35
44 62
99 96
12 28
67 46
59 24
64 90
42 24
90 53
59 20
51 50
43 12
22 98
71 64
86 2
87 42
77 15
12 78
4 42
76 5
73 93
25 92
81 38
37 15
86 75
79 51
5 7
26 75
21 62
54 31
37 37
68 25
69 24
98 41
54 33
99 31
67 11
77 44
57 21
82 3
51 75
43 46
45 46
54 56
55 9
85 9
98 32
88 37
30 78
7 27
34 8
94 10
15 7
57 73
83 13
38 42
46 94
24 49
80 89
79 84
51 83
3 62
64 78
69 60
37 51
5 99
8 65
87 48
23 55
15 88
78 37
97 43
41 14
44 83
56 67
18 68
2 35
16 59
24 61
62 5
66 29
52 46
82 8
62 3
95 19
90 85
52 98
51 90
53 40
5 55
3 88
96 2
56 76
95 32
65 22
67 27
64 18
3 98
84 62
36 50
14 24
16 4
96 93
43 50
75 37
10 50
59 71
15 33
66 54
71 44
8 27
26 36
48 41
81 83
64 31
23 14
17 90
49 99
18 91
53 69
86 79
100 82
31 11
14 8
86 29
98 24
80 27
86 66
69 18
77 60
30 15
82 91
55 45
78 23
27 58
46 52
84 28
29 17
41 12
67 91
35 56
77 81
48 44
17 38
48 9
22 41
79 87
72 48
30 23
41 56
88 73
40 50
72 98
3 90
25 24
97 93
63 74
21 59
47 99
35 91
64 52
93 96
31 53
19 69
39 84
4 88
73 83
80 93
66 18
97 9
100 87
52 8
81 44
81 44
96 30
98 49
8 87
44 82
39 45
74 95
5 64
51 44
4 8
27 91
11 26
95 75
92 25
78 49
55 3
51 70
93 57
76 59
47 59
18 81
4 34
90 18
81 40
6 35
13 6
47 14
42 68
60 71
59 62
33 96
48 15
27 4
50 16
73 99
10 38
81 53
49 22
50 5
87 30
25 100
63 19
27 77
54 32
2 83
10 81
99 39
90 60
2 12
72 76
76 34
10 43
95 82
34 28
40 65
53 57
85 69
66 36
56 50
70 71
64 22
39 82
62 35
87 85
27 80
29 81
47 88
21 56
52 27
10 45
35 19
35 99
27 22
18 98
97 49
40 53
57 33
91 32
4 50
53 80
3 58
52 37
5 96
41 95
58 85
35 38
97 94
59 42
37 30
56 87
34 22
29 93
18 42
29 37
75 40
39 75
8 43
62 7
21 49
11 75
86 16
78 66
10 35
46 46
67 94
4 15
49 3
89 16
99 33
75 55
35 28
21 39
89 67
65 45
25 71
92 27
24 60
55 1
16 16
92 47
97 85
58 65
52 28
26 47
100 4
88 13
14 60
38 29
2 5
67 44
14 41
23 7
86 33
27 56
59 80
35 18
68 5
18 22
31 41
39 12
35 95
19 12
6 88
61 88
21 62
76 62
49 96
25 47
2 70
47 44
39 54
16 96
81 55
87 49
24 65
42 31
73 3
57 22
17 48
80 80
33 73
23 18
3 83
24 3
52 26
22 72
61 88
12 76
97 9
4 46
11 9
32 67
14 20
31 51
33 52
2 12
45 12
29 38
78 89
27 49
22 20
93 99
70 56
96 47
23 68
78 94
15 69
55 11
66 70
43 92
30 64
44 49
64 53
13 28
74 67
85 52
64 86
4 37
99 27
64 43
23 84
45 77
8 70
8 40
74 89
45 50
11 54
18 91
3 35
3 71
44 88
96 5
88 87
6 14
88 26
59 36
5 64
40 11
72 35
83 99
20 84
61 66
95 38
85 21
17 85
35 45
17 86
19 40
45 33
57 63
67 5
68 33
42 3
50 91
97 24
64 17
56 3
52 4
47 97
8 35
45 51
31 1
72 47
35 44
71 19
82 84
93 24
1 16
25 29
17 28
81 52
50 99
58 39
56 50
64 2
28 10
18 87
42 63
29 22
92 38
81 98
33 20
10 23
32 92
64 53
98 46
17 81
38 26
66 60
12 12
26 74
34 59
22 86
96 62
4 85
13 56
4 9
10 32
61 8
60 53
91 27
78 79
37 71
88 39
15 7
65 90
84 97
79 86
86 71
77 17
50 48
17 51
87 77
64 57
34 64
20 19
92 79
94 72
76 94
40 18
31 31
61 13
53 30
58 19
66 3
63 16
61 76
76 72
97 41
92 60
72 87
82 45
38 89
28 51
27 32
70 78
11 78
55 99
90 88
4 33
15 100
5 93
27 56
70 15
6 95
47 79
88 37
61 41
57 17
40 10
37 52
86 29
8 67
54 94
6 73
68 71
73 73
3 59
15 34
21 56
2 26
75 41
2 10
53 16
30 63
71 85
10 9
68 59
52 45
94 14
22 33
9 63
33 12
50 46
52 23
86 79
70 95
54 20
74 68
50 34
36 46
25 14
89 41
65 60
94 64
39 47
79 30
62 88
96 89
74 3
72 82
23 19
91 35
96 45
81 37
40 36
6 94
13 77
14 43
36 35
71 88
58 4
51 6
36 57
72 60
22 1
34 94
39 24
26 46
56 35
10 53
66 7
10 84
5 3
100 60
1 1
42 95
2 52
85 29
31 56
42 13
20 19
35 83
9 87
41 46
21 100
57 98
90 77
68 27
60 99
96 32
17 49
1 18
46 78
77 48
70 91
45 87
93 13
32 58
36 7
68 80
11 45
35 22
88 8
54 8
24 30
8 74
22 44
77 24
52 89
53 59
18 60
41 39
31 14
70 6
62 82
79 45
63 70
56 12
77 67
82 38
61 33
90 16
60 55
82 100
5 6
50 39
89 13
11 57
54 17
61 65
52 18
32 39
66 76
48 39
8 32
25 9
34 17
24 29
21 51
82 99
97 60
27 92
27 90
5 32
84 90
72 91
27 85
61 40
82 42
63 98
59 71
44 4
77 80
68 8
44 77
27 50
80 45
96 54
69 24
47 9
80 88
97 87
57 16
10 71
43 80
78 28
59 66
50 66
11 82
42 91
54 71
83 43
97 3
61 58
98 62
31 88
2 87
3 40
52 65
45 64
24 80
99 49
91 41
9 52
29 7
77 45
52 28
10 17
80 100
39 1
62 7
37 41
25 49
72 82
91 35
3 13
54 50
18 24
89 99
61 84
62 70
9 14
27 36
42 94
76 14
7 56
8 17
92 75
95 25
47 96
16 100
2 75
8 31
75 69
1 11
41 3
57 42
46 47
36 78
64 38
81 70
64 57
93 77
79 44
80 75
67 78
4 20
30 97
40 15
98 45
53 50
91 77
92 69
53 77
89 24
88 33
86 13
5 51
86 26
94 99
65 71
4 22
55 50
69 29
48 58
40 21
49 68
57 83
24 30
83 96
97 85
87 14
40 75
62 87
98 66
19 11
52 43
64 82
78 88
49 30
37 52
78 10
87 16
97 32
54 3
47 3
69 31
29 22
3 25
54 18
95 88
77 65
86 56
7 57
20 12
32 21
25 23
71 38
44 33
61 37
38 60
92 66
30 51
18 21
41 8
6 35
41 54
11 66
82 36
20 4
58 74
6 37
98 34
52 61
84 54
89 80
79 25
53 19
91 92
96 29
96 4
9 24
19 27
29 99
71 80
53 71
83 1
34 24
26 83
3 17
59 45
88 96
64 11
16 52
22 36
78 29
34 27
49 99
56 88
57 70
99 54
17 20
6 66
92 76
87 84
7 21
74 79
43 96
98 51
85 84
14 82
89 39
86 9
82 100
27 94
84 92
44 68
7 54
25 14
51 42
44 74
82 13
57 97
100 64
100 46
42 27
5 54
64 48
3 3
47 87
73 10
18 51
54 62
90 42
7 81
17 27
72 24
88 52
92 91
95 36
71 38
99 26
2 57
77 67
22 68
8 94
22 78
76 9
76 86
82 40
36 50
90 79
56 76
43 87
4 89
85 18
95 49
99 61
69 63
94 34
35 37
63 59
92 84
21 72
90 70
8 26
84 24
21 58
43 66
36 88
91 3
2 83
67 40
40 49
4 11
62 11
33 2
34 53
17 49
52 65
15 20
90 9
70 9
90 49
42 29
57 70
19 39
88 52
67 46
34 60
60 11
53 27
44 77
57 53
22 95
22 61
60 54
40 82
91 96
94 90
22 49
74 78
86 82
42 93
28 55
5 86
53 38
9 66
84 87
53 1
49 76
67 17
12 93
6 13
22 47
87 49
69 85
7 45
43 92
96 53
83 88
72 11
4 31
41 63
33 90
71 77
99 34
14 37
41 73
20 48
21 96
68 46
35 60
5 34
58 16
34 44
46 5
76 50
2 61
33 35
46 74
65 72
35 92
42 47
65 83
43 4
65 96
8 65
42 28
8 90
37 78
20 64
49 99
10 11
66 51
82 98
34 71
74 29
12 21
31 53
92 21
62 5
14 64
99 50
66 25
57 28
9 43
36 52
74 65
29 84
60 89
42 91
26 80
59 47
17 89
65 100
47 73
61 34
49 83
93 27
30 41
10 36
17 76
58 71
54 95
41 35
29 59
45 79
42 64
56 75
3 29
60 25
22 86
22 75
21 50
96 72
17 92
27 16
27 54
16 75
62 41
85 71
80 88
23 7
44 44
76 36
94 88
71 12
70 87
67 53
82 33
53 70
56 27
24 59
1 20
60 90
38 82
75 79
98 16
37 8
71 2
33 35
19 94
31 34
100 24
47 90
35 10
97 61
56 89
49 36
82 64
65 55
54 52
69 33
59 51
37 100
62 99
68 68
34 73
89 93
69 86
26 12
12 47
24 41
100 49
68 39
66 67
25 60
88 70
33 80
7 36
71 92
68 36
78 42
84 23
49 15
35 95
49 83
12 45
97 48
92 43
82 49
93 43
96 4
49 16
85 90
97 19
1 45
16 29
7 42
91 84
96 34
29 52
17 78
88 64
89 59
91 40
68 30
84 10
33 41
15 46
45 82
38 84
54 64
42 42
19 18
86 76
36 54
42 32
37 72
58 10
28 34
50 82
63 35
32 11
53 13
9 94
95 58
30 79
89 75
17 44
68 48
44 51
96 68
89 53
51 38
94 50
71 57
1 97
98 66
51 64
85 51
83 69
5 98
41 54
42 53
99 6
28 70
12 24
95 52
31 9
33 87
3 50
26 20
56 44
10 93
35 59
31 63
44 69
14 53
64 36
85 20
27 5
13 94
72 29
82 49
54 87
7 74
68 51
46 20
97 18
83 18
2 97
78 27
22 13
50 78
26 67
56 38
46 16
18 38
5 89
97 75
88 97
95 68
94 93
42 58
65 31
46 77
53 55
80 10
51 94
1 9
34 22
90 11
78 32
86 98
87 6
96 8
82 93
67 42
62 44
63 80
65 33
20 12
46 87
16 84
52 16
9 27
51 94
7 39
74 23
75 69
54 6
23 39
2 32
89 88
13 68
13 76
2 23
69 56
21 35
59 9
90 63
97 17
35 8
87 67
12 78
92 64
97 36
79 76
82 11
45 22
52 87
6 25
66 40
57 70
78 58
75 36
87 63
25 1
95 9
32 97
94 35
67 51
19 55
89 19
78 51
75 95
62 72
67 68
33 14
66 1
40 45
38 22
2 41
99 9
73 15
68 63
11 97
79 54
88 2
95 49
37 81
44 73
40 100
68 75
80 75
12 37
44 37
18 3
25 8
87 45
39 6
75 35
3 93
37 98
83 98
7 27
62 64
21 77
26 60
24 52
29 67
27 35
76 53
53 76
40 62
95 15
33 48
49 8
36 12
52 44
64 45
2 53
52 53
79 24
42 78
4 97
82 62
46 87
6 47
36 83
26 35
21 30
9 8
33 62
5 75
42 46
29 78
80 45
90 5
41 92
9 79
91 15
77 42
43 97
20 4
20 39
79 10
90 29
4 96
83 69
27 35
88 64
85 28
76 76
27 7
70 38
33 22
1 64
67 86
98 64
64 37
42 28
90 23
72 11
99 2
15 90
62 59
6 32
3 97
82 46
19 20
85 87
2 97
17 91
12 43
72 82
43 35
35 21
19 88
44 51
62 98
91 25
5 38
38 1
72 59
71 70
81 25
44 55
59 32
40 74
43 22
12 13
46 66
15 40
16 10
53 51
76 82
83 81
4 91
45 28
83 83
42 21
68 15
68 97
94 13
33 6
56 27
7 47
68 29
65 14
70 34
86 23
97 47
32 78
28 24
24 53
49 42
20 68
89 47
2 100
62 95
71 23
87 21
66 47
94 41
29 61
8 53
1 48
6 17
73 1
18 5
32 85
94 84
6 78
84 66
65 63
40 26
38 54
35 2
86 68
90 40
18 11
86 51
78 8
90 33
62 81
15 90
30 14
11 62
64 40
94 61
31 24
98 9
71 29
27 26
12 69
47 84
66 47
19 60
100 57
18 59
44 78
30 84
37 55
87 1
60 28
17 87
64 68
69 63
96 84
38 70
95 4
2 98
18 48
66 67
98 66
28 63
38 76
23 15
49 8
4 18
42 68
77 58
55 89
92 27
52 40
33 35
19 79
5 98
35 47
79 87
82 56
73 49
9 13
68 81
36 47
6 93
17 25
18 60
92 98
59 77
19 44
2 27
31 85
26 47
13 63
82 35
51 35
12 81
99 88
42 30
61 89
49 93
55 36
3 71
77 71
62 97
95 21
95 31
46 11
75 94
6 38
7 73
79 10
63 14
72 57
79 72
35 12
33 64
75 2
65 72
3 5
30 43
98 58
66 95
6 84
67 92
7 13
7 93
85 71
100 88
11 80
52 68
99 100
61 41
54 82
33 57
21 7
12 61
8 60
80 54
36 44
32 61
4 55
52 83
78 32
25 4
12 19
54 5
61 89
15 5
35 54
19 84
20 54
65 11
90 53
91 87
89 76
95 67
74 7
14 71
35 90
54 27
76 44
20 88
44 42
56 69
65 58
43 54
51 78
56 15
60 63
88 20
24 88
25 11
99 22
96 42
32 38
9 29
56 84
14 87
33 64
2 82
100 85
63 71
80 5
54 55
8 24
17 74
48 34
37 24
78 82
6 2
83 45
85 54
90 31
67 34
82 96
85 88
53 82
86 61
47 89
35 33
97 36
47 87
87 83
79 89
24 6
88 31
33 18
45 56
13 32
31 35
38 46
58 62
93 5
40 17
32 9
84 80
11 48
35 75
90 78
83 11
3 6
63 28
60 33
22 15
20 50
56 10
69 10
80 6
37 50
99 9
76 18
72 32
41 11
43 75
86 88
100 53
36 72
76 26
82 68
80 57
65 45
22 60
62 27
86 58
41 58
43 65
90 71
30 65
25 63
46 5
3 1
57 87
63 41
80 35
63 50
13 99
84 56
63 44
25 59
67 94
77 52
95 63
80 8
84 35
50 99
10 5
79 26
78 69
11 98
21 54
39 21
13 48
61 98
48 39
66 22
10 13
64 44
84 12
75 67
71 38
99 92
90 47
84 83
45 62
95 43
31 5
98 96
71 2
10 58
49 3
17 8
36 24
92 40
79 87
17 11
33 49
20 7
64 23
82 83
13 50
13 35
5 91
91 100
46 62
64 31
81 30
78 45
20 16
20 5
62 38
9 100
71 1
8 22
92 94
39 75
73 91
52 53
80 28
8 69
35 52
64 75
71 52
83 89
54 62
84 84
41 45
38 33
37 11
17 65
76 45
77 10
47 40
28 78
32 7
34 61
4 70
13 35
63 50
92 27
87 46
50 48
74 84
43 71
92 7
37 72
44 40
76 45
59 17
50 17
61 48
81 86
51 74
21 26
92 23
19 38
32 79
1 76
8 82
31 89
55 89
64 34
51 63
75 13
79 36
34 4
34 94
15 43
7 33
26 7
45 61
38 40
91 49
51 100
74 4
20 61
28 91
24 87
44 97
66 51
38 67
25 49
40 62
66 42
80 97
43 55
8 20
48 2
67 22
35 49
19 22
20 87
52 40
87 18
12 80
82 46
32 80
11 41
17 68
40 66
83 93
69 75
32 23
47 93
30 83
20 72
80 24
23 65
19 77
91 15
75 61
50 92
81 7
92 63
32 71
91 54
64 1
72 48
9 33
91 78
4 31
33 76
87 8
15 35
27 43
75 47
40 14
38 62
97 89
18 66
94 90
14 36
32 19
14 3
13 70
96 22
38 85
88 29
27 54
23 67
60 7
91 6
55 18
3 81
77 83
81 33
43 39
46 97
4 52
17 87
96 49
28 80
82 27
100 11
96 19
25 100
69 43
13 38
21 65
57 30
92 19
69 50
13 67
57 66
47 81
86 32
56 96
94 15
85 83
95 65
44 4
28 59
40 44
31 9
49 91
9 7
19 83
22 94
7 15
48 34
92 3
74 13
74 81
62 41
21 12
51 16
46 10
94 33
29 71
76 31
67 77
33 72
58 7
43 92
86 27
81 76
85 50
87 49
57 79
15 35
13 93
94 43
55 18
80 96
7 14
8 14
72 83
42 21
15 49
96 34
70 8
75 15
66 90
52 6
53 73
43 66
51 38
67 21
23 37
43 6
64 28
68 24
15 26
43 64
73 93
57 71
52 98
63 59
7 65
56 20
56 75
68 34
28 75
75 75
59 98
31 93
41 22
48 49
17 82
1 11
8 12
48 34
60 88
17 4
79 97
47 98
36 64
5 78
20 89
55 44
28 3
77 5
67 97
13 36
10 67
69 12
36 91
98 22
91 31
10 77
66 21
59 48
2 14
34 70
39 67
25 17
91 90
68 95
69 68
85 58
42 36
19 34
16 48
21 93
11 12
16 64
53 93
13 59
82 5
73 30
90 99
40 73
30 91
1 71
59 62
45 44
9 27
81 83
94 23
14 21
94 71
67 45
68 44
84 93
43 92
84 66
77 98
83 53
7 80
72 33
49 28
27 92
29 77
92 59
82 19
40 22
48 43
54 30
55 73
66 61
89 65
94 56
87 82
41 76
28 10
90 51
42 30
64 70
14 56
75 58
18 98
93 20
36 9
48 19
49 64
38 84
26 98
99 44
89 2
100 61
76 37
11 45
56 29
65 40
76 5
86 32
55 76
6 41
10 92
93 48
46 95
98 52
41 67
49 36
62 27
20 47
78 42
66 83
2 55
14 45
90 6
45 59
65 86
30 100
21 39
52 49
13 93
57 42
34 100
47 59
78 6
98 61
46 88
51 18
49 91
22 45
3 9
29 36
46 84
56 86
37 90
66 62
62 100
94 86
83 17
66 39
57 99
28 5
25 93
32 13
74 97
19 78
61 62
83 27
48 97
99 57
74 67
79 96
3 73
97 2
46 91
25 56
50 19
61 8
5 44
11 88
5 93
13 74
51 28
13 89
40 54
52 69
61 85
85 55
44 61
34 95
41 57
90 7
50 78
75 77
89 81
57 11
1 62
7 14
77 11
71 59
30 28
9 35
54 9
49 41
69 32
67 29
22 56
40 54
36 25
20 24
84 72
95 50
12 95
37 72
28 18
88 51
51 62
63 15
40 3
6 64
41 76
67 58
70 2
68 26
74 20
95 96
38 75
65 16
80 6
44 60
15 17
2 77
72 29
52 63
19 62
33 96
28 46
35 37
62 31
52 8
51 49
41 90
96 22
90 85
25 8
30 87
30 51
24 56
77 81
80 83
61 78
10 34
70 70
42 81
92 96
16 39
6 85
8 80
5 31
62 60
65 78
83 36
13 41
73 3
19 10
39 87
18 84
2 38
44 31
18 8
55 66
86 60
80 18
22 16
63 26
88 59
80 21
34 53
8 15
80 20
44 80
35 2
64 49
50 14
98 15
5 22
1 79
2 27
14 8
42 14
53 91
33 65
96 75
12 12
7 24
23 82
19 91
79 6
52 7
38 82
88 46
12 27
49 32
1 33
36 91
26 46
80 41
32 4
45 15
97 65
21 9
79 6
31 2
54 58
88 88
22 57
90 2
68 72
35 76
20 31
41 7
84 35
90 22
65 99
28 9
1 1
30 78
12 19
92 91
89 49
44 17
44 68
64 100
83 79
73 31
39 59
71 37
71 45
66 71
2 7
76 51
57 45
72 14
96 65
7 71
24 25
38 46
84 58
97 94
30 40
88 25
55 42
18 78
14 21
51 26
60 53
76 91
50 25
98 80
8 10
56 3
57 17
45 11
52 30
35 68
24 1
88 78
67 6
91 81
37 84
86 41
23 25
8 32
67 53
39 17
26 7
83 31
47 69
51 76
75 46
73 3
15 99
64 48
68 88
41 38
37 70
40 78
96 51
70 100
76 98
41 39
58 58
77 68
43 72
45 12
83 76
30 54
41 90
57 56
14 84
49 59
71 33
50 65
96 11
24 30
8 10
63 84
11 39
67 11
80 15
82 17
56 29
100 61
1 87
69 55
81 19
7 30
39 67
19 42
89 50
42 21
21 10
83 97
27 84
40 7
79 59
78 82
19 43
63 33
48 93
44 32
81 55
21 55
90 78
19 43
76 64
9 3
88 64
16 90
17 87
10 51
52 24
5 97
43 66
61 15
41 96
94 8
78 43
23 83
70 34
39 48
84 81
22 93
58 76
13 26
97 8
71 7
6 82
30 88
62 57
78 26
38 7
31 81
76 97
36 42
49 55
15 71
88 3
64 69
32 84
29 25
74 70
8 69
24 4
36 28
43 78
10 61
95 95
31 46
27 82
80 94
27 58
35 8
51 21
27 25
65 41
35 36
22 66
76 27
17 59
87 22
29 95
18 23
59 76
84 76
44 40
8 90
54 18
94 75
71 33
49 37
50 79
5 58
38 40
9 99
96 51
49 95
93 90
68 70
23 21
14 61
88 40
85 68
31 10
36 61
66 13
97 74
95 40
39 97
84 90
27 57
29 95
35 59
40 43
52 27
20 70
98 21
48 47
95 91
51 95
73 90
96 93
56 89
98 57
75 59
17 2
99 25
76 37
13 14
43 37
26 58
57 22
6 49
34 97
56 56
94 89
97 5
21 16
3 5
18 29
78 13
88 73
68 34
88 24
31 30
44 19
72 11
5 92
45 24
19 14
84 91
55 57
8 50
48 37
27 44
85 87
64 87
4 71
42 68
22 23
25 86
88 56
36 69
6 56
35 17
54 25
59 8
37 1
92 10
68 66
2 75
3 40
93 80
90 33
60 55
68 48
65 22
33 35
25 53
95 69
44 94
65 85
17 88
2 1
63 98
69 39
5 92
14 29
34 65
2 22
96 36
25 54
40 99
95 97
47 47
10 30
19 52
61 62
58 85
87 99
16 85
95 14
32 42
81 96
81 33
80 18
11 38
72 14
25 60
93 40
98 10
28 44
55 58
4 23
6 9
49 29
34 82
96 54
7 97
38 90
71 9
21 53
36 3
22 88
76 41
34 52
24 61
65 97
73 60
100 20
46 3
32 99
87 57
20 52
12 99
18 47
36 39
38 83
28 63
8 18
16 34
82 40
9 1
1 1
19 58
68 80
85 90
49 61
36 83
89 43
87 89
93 63
91 6
92 13
77 76
49 79
70 47
10 53
36 11
5 68
68 86
5 83
43 47
41 77
22 12
26 90
20 43
8 59
19 24
60 48
18 14
46 69
25 5
14 36
81 92
5 82
41 91
15 38
43 25
35 100
12 57
72 45
30 6
45 44
64 30
16 51
100 74
23 12
10 61
97 99
57 33
98 57
28 57
20 2
98 90
93 20
64 91
91 70
36 37
34 53
64 75
37 9
91 36
77 2
17 98
60 29
42 90
74 75
87 78
62 55
40 51
45 94
17 20
71 99
39 40
13 19
52 10
38 73
100 76
11 23
83 56
36 56
46 23
10 48
73 45
50 3
11 3
40 4
6 30
21 87
45 7
11 32
61 75
84 23
98 71
13 87
57 70
86 25
7 50
80 55
79 2
74 53
81 6
26 26
30 97
72 36
78 95
2 83
20 1
16 36
6 21
3 79
8 30
59 56
96 3
29 90
8 38
44 84
95 47
66 22
92 96
98 27
98 39
71 49
20 28
12 73
36 44
66 51
8 89
43 5
53 33
62 5
41 64
16 40
5 28
68 22
17 66
57 73
8 35
70 54
35 19
79 26
6 53
38 1
47 7
62 48
49 62
75 34
10 85
28 78
30 63
89 90
77 92
16 24
15 87
73 8
11 65
67 31
75 95
18 54
98 14
89 30
50 44
37 1
79 42
45 24
11 19
17 18
54 72
1 25
55 81
35 69
35 96
100 61
18 67
22 19
9 9
92 99
86 13
39 21
38 80
42 32
94 30
1 81
52 68
83 41
77 79
75 21
49 80
21 14
96 55
97 75
72 79
71 68
34 63
36 62
16 61
29 3
55 15
49 89
10 36
14 12
18 71
88 44
66 86
87 45
98 38
82 37
1 25
6 74
85 66
19 84
46 78
98 35
95 14
36 64
89 9
29 67
40 34
48 50
63 24
43 38
10 92
70 22
31 64
4 88
80 33
26 98
7 53
70 12
93 40
94 44
9 40
57 34
66 73
17 48
23 64
9 61
77 71
78 96
77 2
35 47
10 88
23 15
66 75
38 2
29 11
63 82
35 49
53 100
33 93
8 75
24 72
63 41
51 6
35 86
97 16
93 90
74 94
84 51
17 32
38 10
32 27
92 56
7 96
28 3
10 35
71 69
47 25
51 18
82 27
95 24
32 11
52 55
74 58
4 48
94 33
53 75
29 75
93 100
57 31
94 92
90 75
97 19
58 78
14 98
54 42
29 12
76 25
87 4
20 9
88 42
40 8
4 31
46 81
56 78
43 5
97 71
27 84
41 64
5 70
71 31
83 96
52 78
12 96
46 57
19 23
55 15
42 63
65 18
33 28
74 59
15 14
78 69
48 11
80 59
20 31
49 14
72 70
12 73
6 34
26 53
57 57
54 48
17 72
30 52
43 88
92 85
62 75
11 74
59 51
39 75
31 78
69 100
96 81
51 99
79 25
54 95
92 26
47 11
78 73
70 94
11 70
97 29
98 3
58 78
35 99
50 76
82 61
7 77
75 52
18 25
68 53
21 6
54 77
47 21
7 4
94 51
36 36
55 58
40 31
43 94
46 17
45 84
25 81
56 76
100 32
19 52
58 90
23 1
8 35
25 67
22 56
59 71
99 9
94 10
44 54
98 75
44 88
35 81
65 63
96 61
47 37
44 12
13 87
24 69
42 51
75 44
99 39
17 92
37 50
29 56
97 19
78 5
100 72
33 67
71 29
91 89
51 52
23 64
56 88
32 71
85 71
83 87
22 81
21 34
73 99
51 99
17 35
68 84
2 23
92 69
88 33
76 70
41 17
54 85
9 4
88 46
96 71
59 25
43 51
84 44
32 99
48 97
17 64
22 1
55 51
65 77
40 14
47 1
89 69
14 26
73 76
3 9
9 75
70 99
65 62
48 97
39 57
2 44
40 78
86 58
15 95
3 72
27 5
59 95
71 80
39 36
4 31
100 4
86 74
73 51
42 97
69 44
27 42
97 79
60 32
71 95
61 49
6 71
18 52
16 1
14 85
67 44
19 1
9 38
3 19
19 58
27 81
98 69
99 89
5 20
86 27
61 5
25 100
18 54
90 85
11 29
17 55
82 72
2 25
88 16
89 36
76 84
41 67
2 3
11 17
22 12
75 74
6 49
58 17
27 93
3 84
14 40
15 52
57 86
31 28
71 67
10 99
55 10
76 69
21 70
13 11
68 91
43 18
47 28
98 10
55 31
88 4
82 7
23 34
100 26
82 82
63 37
33 41
16 68
69 25
2 28
86 41
42 31
75 23
4 74
74 40
27 83
58 92
1 72
42 32
55 99
92 77
4 26
49 70
24 19
48 4
97 17
91 16
43 99
4 57
56 49
52 32
89 31
85 96
28 85
50 83
24 81
36 24
83 99
37 54
100 49
39 70
25 66
44 37
59 57
4 27
73 83
94 84
77 8
15 83
24 40
25 69
76 90
80 27
90 44
1 13
56 94
86 79
62 24
55 53
93 37
32 27
78 61
11 65
72 37
37 35
98 85
9 69
15 53
84 92
41 82
73 68
91 97
83 18
57 15
5 8
82 73
74 29
94 41
21 97
1 47
42 30
9 48
7 21
53 81
65 19
88 14
35 22
14 91
67 86
64 84
9 62
58 29
4 11
8 97
43 56
6 87
17 43
80 66
23 48
35 65
99 29
7 4
54 93
26 35
91 3
64 71
22 37
81 71
48 82
90 33
88 68
41 61
15 35
27 67
9 66
77 65
61 81
89 30
50 88
32 65
75 41
3 98
68 51
84 67
77 67
53 48
70 34
86 59
99 43
81 68
14 81
81 17
22 36
64 72
13 18
38 83
20 14
56 56
41 50
47 1
59 7
68 12
87 95
86 42
51 54
98 7
16 60
88 63
23 7
70 94
88 85
53 68
51 57
98 19
52 97
4 98
64 88
34 74
51 86
50 48
28 95
80 28
43 81
69 74
99 100
83 36
9 25
100 73
39 57
75 96
5 20
14 81
86 42
63 18
1 39
22 74
77 64
41 57
2 16
26 98
15 77
53 83
30 44
24 21
72 43
55 19
23 61
55 79
82 16
96 93
67 51
47 67
20 58
22 60
59 5
13 72
29 86
12 69
72 50
61 4
52 52
83 44
29 95
54 81
77 76
100 86
16 17
20 47
45 35
22 68
79 81
35 47
59 70
72 28
38 40
22 69
3 23
91 63
12 25
40 32
6 22
70 100
22 67
61 22
23 58
90 91
86 93
19 99
61 3
52 85
25 29
61 82
96 59
28 21
17 15
45 99
79 30
13 49
66 81
80 74
41 87
6 82
30 63
39 43
66 2
51 70
14 6
52 46
33 84
19 63
20 82
79 53
68 63
4 51
58 53
49 36
41 15
13 24
52 82
64 13
59 1
67 89
38 18
86 19
74 33
19 96
80 18
25 43
8 5
1 20
15 92
96 49
43 19
42 9
38 16
2 84
56 72
46 48
99 19
56 15
63 6
57 14
6 3
3 48
9 65
53 21
18 54
68 30
10 41
93 71
68 70
59 44
21 100
57 27
5 50
78 84
40 70
24 40
19 33
91 98
43 63
29 75
5 85
62 71
65 60
21 16
34 84
43 73
61 41
60 68
13 16
89 82
29 87
43 81
29 2
17 46
27 67
28 4
100 97
57 48
35 10
86 77
85 51
91 78
73 35
9 76
58 67
49 77
27 9
32 96
88 87
25 99
19 52
97 78
21 77
83 37
98 64
49 92
10 16
63 27
38 56
86 98
32 33
70 12
43 4
19 32
43 81
82 9
54 8
54 90
65 62
71 94
39 58
51 91
67 64
23 73
27 32
78 21
21 21
32 89
17 67
85 74
61 32
85 1
71 99
17 4
45 70
53 66
60 20
24 35
71 38
3 84
53 83
100 38
93 93
56 27
50 67
46 70
100 86
68 77
36 12
35 38
75 28
28 88
29 2
60 10
29 87
79 16
42 79
40 7
80 3
16 13
51 37
19 93
77 1
3 9
36 62
99 25
52 65
82 20
18 73
19 14
31 37
49 24
40 99
74 25
17 72
61 52
92 39
31 33
53 54
69 38
10 80
78 49
19 7
84 50
17 29
38 28
4 35
32 30
75 90
71 47
76 14
23 97
78 34
58 3
12 57
79 62
56 95
57 88
17 1
82 97
7 71
80 23
39 8
97 22
43 22
29 100
1 43
23 12
78 41
12 32
37 71
11 34
71 62
60 23
54 56
45 67
44 64
25 25
17 36
60 100
73 92
74 84
7 79
95 76
64 32
9 94
22 81
8 43
14 25
81 29
49 11
62 26
61 86
51 51
26 32
16 80
10 3
13 98
78 7
53 42
9 40
15 83
84 8
92 34
18 7
80 85
84 15
22 16
89 5
33 100
13 11
97 3
88 59
6 81
21 88
32 95
13 84
56 45
95 24
82 31
97 53
2 80
50 17
17 32
34 97
65 98
21 29
65 69
87 9
7 49
18 30
52 3
10 42
48 95
21 45
5 68
9 9
79 81
86 88
63 53
35 49
16 20
42 17
47 92
48 92
8 92
85 54
55 53
68 55
9 80
20 51
7 76
100 28
97 25
49 72
19 94
71 95
46 19
99 56
58 29
82 59
29 42
34 83
17 12
37 71
14 5
88 90
85 95
34 39
97 91
64 64
21 10
39 79
93 14
22 30
21 92
82 78
24 49
61 28
6 99
89 30
80 100
33 30
36 47
27 96
63 33
78 36
53 90
87 35
70 17
23 78
51 73
1 18
15 64
3 42
68 96
46 68
64 92
35 15
77 66
77 53
61 75
44 73
94 57
50 77
24 47
50 22
92 89
85 17
64 71
91 33
37 22
49 18
11 99
24 22
35 60
23 39
80 70
53 90
54 65
71 7
38 76
45 21
89 99
64 34
41 38
75 9
50 89
55 78
54 22
26 63
36 65
58 97
82 6
73 65
14 57
41 63
3 65
36 27
45 95
39 100
11 86
18 76
91 48
84 1
50 23
94 13
68 4
99 29
95 94
12 23
3 2
62 1
53 1
60 95
43 30
100 50
41 46
25 53
88 97
45 81
46 93
15 88
50 89
68 11
23 78
59 98
74 12
38 72
8 55
43 7
23 86
44 60
46 55
98 63
85 45
64 23
87 85
68 41
80 12
45 42
18 87
28 28
66 26
100 54
6 23
26 57
94 15
91 19
100 13
35 80
19 55
86 70
76 10
77 12
43 83
59 85
4 48
68 46
24 93
41 30
89 91
9 33
20 11
81 12
33 5
45 79
43 63
88 37
71 2
12 13
92 8
2 31
79 30
72 91
68 88
69 78
8 68
59 99
46 3
85 40
58 11
94 91
100 81
24 82
17 38
15 82
82 6
57 83
12 54
45 61
44 30
46 33
81 62
48 15
19 61
93 41
68 73
71 5
7 79
14 14
67 100
91 48
62 32
89 85
8 24
5 45
98 45
63 67
5 78
30 79
99 82
71 44
74 88
62 48
8 64
99 50
41 23
76 8
48 43
82 7
72 75
5 88
22 24
46 72
92 81
46 26
8 15
30 56
4 35
49 27
26 84
95 19
90 73
77 6
12 99
19 43
99 58
53 2
30 26
63 51
81 18
31 26
78 62
94 50
95 61
69 29
52 31
23 18
88 89
34 71
93 13
81 92
35 49
39 40
16 61
46 7
66 43
85 94
18 78
15 61
84 16
16 34
91 32
20 79
81 38
37 69
31 3
59 94
90 44
49 98
33 20
41 81
7 15
4 44
63 2
99 100
100 44
6 33
94 59
84 97
98 90
57 84
56 13
92 57
37 86
15 40
24 19
78 50
100 71
7 56
95 31
90 68
17 69
68 100
10 54
70 75
83 85
27 81
60 44
86 8
33 30
4 70
42 95
13 40
10 52
83 78
37 54
72 54
97 58
91 59
7 40
32 36
95 91
99 82
26 12
2 53
88 55
25 41
77 30
14 41
45 94
38 59
39 37
29 66
99 83
9 13
28 54
41 8
48 76
60 85
10 92
49 22
60 64
3 39
88 74
98 38
70 95
88 1
89 58
32 10
12 30
50 77
37 93
86 79
52 50
83 8
48 10
79 71
64 80
96 47
47 85
13 59
36 7
49 73
80 42
80 96
53 65
21 75
46 41
98 13
91 84
52 86
11 72
45 74
5 31
12 76
25 16
73 55
27 37
13 8
78 39
73 79
27 3
83 46
64 56
70 12
35 13
31 5
67 60
31 18
57 97
79 100
87 42
66 78
23 60
21 90
9 50
32 87
50 43
13 72
20 38
83 78
8 64
23 10
97 47
96 43
22 5
67 20
65 37
44 34
100 46
38 40
44 3
42 66
96 5
100 97
82 29
100 85
51 13
1 1
11 2
11 84
61 22
61 85
92 80
91 85
4 2
97 34
97 41
71 39
86 57
14 62
34 17
26 88
71 24
34 74
14 75
15 69
32 28
84 36
96 42
57 11
95 92
92 62
56 48
15 33
96 47
99 70
5 33
78 4
89 86
74 30
9 52
43 58
32 37
19 29
16 20
60 64
48 39
69 61
10 100
83 91
77 69
74 72
14 79
99 45
22 99
85 71
22 37
17 28
33 82
56 10
33 31
81 76
49 76
30 72
1 60
86 27
71 64
25 42
21 94
79 88
65 77
92 95
57 49
24 51
12 74
13 1
31 34
91 66
89 73
88 46
37 59
69 76
27 48
52 99
25 11
77 90
24 89
45 39
74 23
93 25
36 73
33 26
47 8
55 18
52 66
24 80
94 25
16 98
97 74
60 39
25 9
73 27
23 45
67 66
35 87
96 24
30 97
6 65
46 58
37 89
69 78
30 21
84 74
2 46
87 24
9 98
26 74
58 48
28 52
49 32
55 61
65 96
35 5
89 48
85 33
43 41
17 48
28 21
72 100
27 3
96 84
58 37
28 19
12 14
72 58
28 36
83 62
33 18
27 82
37 72
76 16
34 61
84 25
80 39
98 91
77 74
25 17
10 28
3 76
62 81
4 34
53 65
38 13
95 98
94 37
29 15
2 88
66 93
45 7
83 6
22 66
15 15
2 38
5 64
7 38
22 9
20 91
49 67
98 6
78 100
68 91
45 1
56 75
63 80
41 54
42 83
68 12
10 25
60 44
81 54
77 64
58 50
39 1
71 84
60 16
27 82
63 92
3 6
50 40
97 57
53 54
77 84
75 83
99 54
3 64
42 89
84 17
16 75
86 44
57 75
13 32
6 66
31 84
91 33
8 12
84 47
5 83
45 60
6 36
57 89
81 34
4 8
14 19
4 5
77 35
24 72
21 69
60 79
55 9
12 22
13 33
76 7
75 20
37 36
16 47
27 100
75 87
19 58
34 10
84 11
65 16
88 7
43 49
75 83
75 18
31 94
5 63
23 14
22 97
13 100
84 29
27 81
97 67
82 45
98 27
10 92
11 91
46 22
74 11
57 54
48 14
42 51
94 30
41 83
47 56
55 80
66 9
73 52
98 85
72 26
86 72
71 26
42 9
60 95
13 80
89 49
14 3
52 6
47 27
66 62
29 28
69 62
24 54
8 24
3 5
53 12
56 86
35 100
95 31
49 100
77 61
57 81
79 70
19 20
45 11
91 19
49 20
15 37
28 37
7 41
31 67
72 36
55 29
18 1
92 78
61 22
33 78
45 39
33 84
60 80
7 55
7 41
68 87
61 57
75 33
43 29
16 85
89 10
68 79
53 74
66 74
3 24
17 8
45 76
7 92
54 50
58 23
47 96
50 90
100 12
64 29
12 22
46 81
11 13
52 56
96 86
85 70
71 86
22 94
45 2
52 90
13 95
85 77
5 22
7 30
68 42
63 26
15 21
84 3
55 50
90 2
13 31
9 96
16 11
21 40
7 55
78 73
72 40
15 93
2 7
57 49
71 18
61 22
23 81
92 96
82 73
70 68
1 73
66 75
1 28
15 81
24 21
26 66
38 64
77 78
37 50
55 39
36 29
92 2
36 87
79 26
11 64
61 64
61 99
74 57
65 6
10 79
86 96
3 79
64 88
50 74
59 23
55 43
29 40
13 68
28 42
47 11
77 77
51 85
60 83
87 14
31 11
63 81
78 9
63 37
16 67
70 64
1 83
3 14
39 50
49 24
70 30
30 81
41 98
20 19
90 91
84 55
2 11
54 16
40 6
31 33
79 7
43 62
32 44
83 94
37 65
57 32
24 34
76 43
78 6
30 23
34 60
50 35
19 54
28 49
22 75
28 95
70 66
24 70
72 32
28 28
61 82
95 92
82 23
89 41
91 23
68 83
73 93
45 36
92 61
1 72
69 36
65 4
76 11
43 33
17 69
73 14
84 96
44 35
94 2
91 97
12 78
22 78
95 72
64 88
68 64
26 7
13 59
80 38
17 70
93 25
75 84
48 34
47 78
44 54
10 79
6 79
11 49
36 18
89 24
44 38
48 66
72 68
56 38
46 80
61 2
77 3
10 14
45 11
88 86
55 16
37 65
70 19
26 67
49 1
68 10
47 21
59 8
50 3
28 38
23 5
44 54
79 28
81 47
39 34
78 100
53 22
92 44
98 5
8 81
99 75
76 11
55 20
21 93
9 15
23 97
62 37
22 23
46 28
20 76
57 23
1 91
62 25
12 76
50 72
86 45
64 33
43 79
50 76
14 59
78 14
33 34
36 69
59 77
14 83
91 62
58 69
63 11
47 78
55 73
45 86
85 48
23 89
100 80
70 38
59 5
48 95
33 62
19 18
77 76
73 14
62 37
86 17
95 31
31 2
43 89
23 84
4 6
59 18
20 95
29 24
11 2
11 28
24 56
67 48
71 50
28 8
32 49
61 4
1 84
37 23
71 93
48 59
44 83
75 24
27 44
64 89
11 16
74 82
72 80
87 31
6 3
42 65
14 75
96 93
35 6
27 55
49 88
65 80
95 44
12 1
33 83
5 31
65 62
71 21
83 16
77 66
93 5
16 96
39 61
25 64
1 28
18 42
81 20
45 68
53 28
74 55
94 21
53 3
6 15
24 60
5 74
37 30
63 18
8 73
16 60
22 85
64 96
41 48
64 75
98 7
46 49
16 82
57 13
78 28
78 36
51 33
55 56
96 35
83 60
56 36
50 98
86 21
62 42
92 47
20 65
44 49
37 21
6 86
74 60
54 84
13 13
50 48
5 57
37 11
85 46
88 2
70 43
61 12
93 7
24 37
2 4
97 72
64 17
15 40
53 56
32 47
56 72
25 36
71 20
66 12
70 56
5 65
47 85
6 18
75 68
31 29
87 98
38 81
82 29
99 46
47 70
19 61
26 41
96 11
4 22
69 5
2 29
5 26
36 10
44 2
12 53
49 83
47 69
7 40
37 61
65 7
17 6
24 64
12 41
64 11
35 29
1 43
45 93
14 15
52 33
70 35
85 66
5 68
4 46
36 52
11 88
89 71
25 20
90 95
85 28
40 61
44 35
8 93
48 5
38 80
3 47
36 39
99 71
21 71
78 79
95 41
69 53
66 13
60 80
41 89
89 19
68 81
94 85
23 100
42 22
99 22
84 62
10 74
2 29
54 12
97 78
49 75
89 56
93 3
93 100
53 38
47 100
14 99
48 94
81 45
40 52
76 65
98 25
16 67
21 71
80 96
59 19
41 85
1 70
73 49
79 38
94 42
17 10
57 70
74 93
42 79
88 70
60 37
41 47
14 27
96 94
43 76
56 39
4 75
8 94
21 80
65 56
69 67
45 12
69 83
13 45
36 12
86 40
48 38
84 2
30 40
59 69
60 97
14 61
54 48
49 39
91 91
7 95
19 96
26 75
84 60
16 29
20 7
20 5
65 29
61 87
22 49
28 100
89 20
46 3
62 86
82 43
94 9
94 91
11 49
94 7
20 23
16 53
42 72
100 1
5 96
13 81
21 1
55 8
85 79
69 63
94 6
74 3
80 90
41 10
25 48
43 27
29 96
58 74
61 84
93 63
66 27
48 39
33 25
82 3
55 37
39 47
43 12
90 48
91 15
99 11
56 77
35 7
20 8
7 72
32 10
79 72
77 31
97 37
55 18
84 94
43 55
84 52
8 94
75 5
92 100
25 51
20 85
15 72
95 6
90 79
88 50
48 71
4 85
70 76
100 13
68 19
54 2
46 20
31 44
7 93
48 83
64 67
70 13
65 50
59 26
68 54
2 40
2 44
52 85
55 18
89 39
41 23
51 52
4 16
79 86
54 24
14 91
6 99
98 11
22 9
1 8
10 71
3 51
67 32
92 84
48 49
11 77
23 95
79 98
88 49
56 57
88 62
2 53
62 1
22 93
80 89
65 8
80 19
13 96
97 93
43 20
18 72
72 86
61 1
100 64
84 80
20 36
23 24
30 92
98 83
54 95
51 21
44 48
31 23
67 60
71 25
65 24
84 61
62 80
81 56
31 91
94 62
24 79
28 42
14 7
57 74
66 26
6 52
86 47
59 55
49 94
48 52
38 12
69 22
78 60
96 27
78 67
28 5
22 50
44 48
69 89
73 39
19 89
70 44
42 48
17 30
21 6
35 94
95 88
57 33
59 13
36 39
43 47
13 56
37 63
89 39
95 94
44 83
82 35
86 27
44 63
79 60
52 3
71 51
40 14
23 81
84 4
10 8
99 10
34 87
62 8
24 30
59 19
45 54
12 37
81 24
44 64
44 55
82 41
87 17
36 95
66 32
83 68
71 55
80 6
22 55
22 25
25 12
45 54
36 91
21 62
12 87
86 33
48 52
95 20
43 25
42 41
75 97
79 33
94 96
23 35
22 21
92 55
80 93
45 61
67 30
100 85
72 58
33 64
25 82
43 66
73 26
1 35
81 72
99 91
21 44
50 67
87 76
29 84
50 39
17 78
55 38
38 75
13 23
27 31
74 58
91 45
53 94
75 21
81 98
23 24
32 32
24 97
10 63
23 65
87 79
86 61
93 6
90 47
87 81
81 14
60 98
75 16
45 91
27 27
63 77
71 40
57 63
81 76
12 80
49 55
87 9
25 30
89 44
94 93
49 53
24 47
47 100
53 36
70 82
41 97
48 55
16 88
89 29
89 58
80 97
63 29
19 8
11 84
80 70
45 76
77 12
55 34
37 18
31 88
6 31
33 74
27 82
29 57
82 11
65 90
30 15
91 83
18 35
71 15
95 28
7 11
5 71
21 72
29 33
58 24
70 5
60 56
51 63
97 78
43 10
76 19
18 97
53 81
82 85
68 50
87 60
90 79
50 3
37 41
66 13
76 59
80 78
22 42
96 86
85 78
88 78
87 95
73 60
56 32
18 27
67 30
67 61
19 75
16 68
39 1
45 27
77 79
41 53
70 21
24 40
21 85
93 100
56 6
94 53
6 78
10 61
14 51
77 58
64 70
6 32
72 41
17 47
44 45
77 73
93 91
9 25
93 87
14 76
53 68
67 52
20 19
33 23
46 77
29 70
34 1
35 80
45 82
62 36
50 59
36 9
87 79
99 14
17 60
93 52
56 30
91 21
95 89
80 29
78 88
15 28
88 74
24 35
93 49
63 25
11 28
68 48
9 46
57 76
40 71
59 24
1 58
86 69
15 2
52 20
26 49
28 7
51 58
13 49
34 42
77 45
40 7
42 61
15 86
22 32
50 54
37 22
4 11
74 96
96 30
81 17
89 64
48 6
14 3
77 68
57 30
37 40
42 98
37 12
67 46
73 86
74 46
81 44
83 49
78 95
6 39
2 97
77 65
31 30
51 9
32 35
33 42
86 84
55 15
79 79
19 55
42 59
27 53
51 12
27 52
46 59
59 88
64 39
93 53
6 10
23 65
69 40
29 21
74 49
82 13
15 38
14 43
27 70
44 60
30 32
45 27
3 1
16 84
77 70
30 98
16 10
38 62
32 73
79 24
63 83
40 55
93 33
95 28
67 26
1 60
30 4
65 53
94 68
29 33
62 21
72 64
41 23
41 87
96 40
3 36
44 69
55 69
96 48
53 36
75 85
74 100
7 67
16 31
42 7
19 76
77 13
99 16
51 42
18 5
92 45
50 94
76 64
19 57
22 7
11 97
12 99
73 56
5 92
41 64
42 19
72 73
97 36
41 20
18 84
40 30
46 80
22 23
53 9
20 29
53 94
66 21
55 7
8 92
32 34
67 81
48 18
25 6
80 77
76 94
50 58
81 82
23 76
27 48
39 72
31 9
47 62
75 68
39 46
65 76
27 72
67 90
10 32
100 1
62 10
70 86
26 61
87 91
78 91
10 95
62 87
56 37
11 41
53 79
22 27
4 81
48 52
65 43
37 87
52 48
52 99
67 62
92 13
30 100
50 58
86 91
83 70
10 41
79 48
17 45
73 78
59 33
41 61
26 30
27 84
71 61
52 59
79 52
20 63
36 47
52 80
36 100
63 63
87 97
9 18
24 93
80 71
24 20
19 48
65 12
36 32
47 76
78 71
88 65
70 84
66 52
45 90
25 73
22 92
93 12
26 33
32 42
31 8
18 57
62 86
18 27
64 61
63 76
84 28
61 9
83 44
76 58
46 96
68 74
48 28
18 16
27 1
2 52
45 46
65 46
1 63
9 69
8 98
72 73
7 57
6 75
88 3
29 49
22 85
76 95
91 1
56 45
21 13
48 16
93 5
66 61
65 73
71 73
76 73
92 66
29 13
33 83
24 26
58 12
99 68
23 3
36 37
83 100
85 35
13 11
51 15
74 21
37 66
14 17
71 59
22 51
38 29
37 93
72 36
82 37
87 39
100 86
72 81
61 63
57 86
59 4
88 45
31 98
74 83
31 95
31 4
21 60
81 15
89 9
12 32
59 64
19 52
58 11
74 18
38 41
34 97
23 63
73 20
11 52
39 76
17 16
67 51
22 61
3 27
73 50
72 87
17 79
28 85
46 31
88 33
49 21
16 90
65 53
25 22
14 42
47 55
29 79
39 73
96 59
32 46
86 44
75 2
8 92
20 85
36 76
63 3
61 50
12 21
46 9
89 12
71 37
24 36
17 13
94 74
21 23
20 59
81 89
87 31
47 82
39 44
45 61
10 63
74 43
35 87
3 54
62 27
69 35
95 27
85 49
91 70
38 18
78 30
17 87
90 52
74 95
45 2
11 2
58 20
88 44
68 22
78 99
2 97
91 94
95 5
2 66
87 85
67 94
95 62
68 46
65 67
26 76
23 19
18 28
27 92
32 24
12 77
26 70
22 58
92 25
91 32
20 76
63 64
87 81
29 48
54 38
54 57
33 5
23 51
11 56
53 83
64 25
75 79
46 26
56 77
84 71
31 82
48 81
40 84
8 12
4 18
75 30
23 44
56 18
72 7
64 43
43 40
89 42
7 32
22 60
88 95
88 93
89 68
34 46
2 26
19 69
96 22
66 49
31 44
94 11
30 56
5 11
58 14
22 88
26 90
97 63
7 92
26 1
34 60
80 49
59 89
86 9
55 82
81 23
21 57
3 58
23 51
21 73
84 6
67 46
60 60
75 56
29 18
69 26
2 53
23 94
87 74
38 59
44 74
79 30
31 86
95 58
4 16
83 91
87 73
17 53
93 37
11 25
51 38
25 25
99 12
19 2
41 26
7 75
31 69
74 98
17 30
33 24
91 33
71 57
10 3
88 6
49 20
60 17
66 2
83 90
99 98
6 92
66 99
42 21
96 57
81 55
79 62
2 20
48 6
27 85
38 52
68 100
43 75
44 53
36 71
99 13
38 80
68 17
57 64
49 12
51 65
25 69
9 22
39 16
53 2
1 85
90 68
19 57
79 1
73 12
11 32
12 10
22 82
48 67
69 87
58 41
48 3
100 68
48 4
30 7
100 25
84 81
79 45
30 25
8 64
70 82
38 93
33 39
77 2
46 62
86 24
20 12
89 48
21 9
17 8
59 37
54 66
60 94
95 21
16 5
47 4
57 21
57 36
32 35
70 9
4 14
32 96
88 85
23 79
50 97
37 90
51 92
46 58
90 68
35 34
46 62
90 87
14 99
28 87
89 79
36 72
20 60
13 36
14 19
6 22
57 39
57 80
96 42
38 63
98 19
99 69
86 1
81 29
34 93
19 97
36 63
61 22
30 73
18 31
14 84
71 6
73 2
85 61
28 6
40 57
84 84
72 25
40 80
8 55
41 69
58 42
47 58
91 43
75 61
54 90
12 49
60 1
53 73
40 58
50 10
8 11
61 26
51 88
98 51
46 87
81 92
70 70
21 50
63 66
69 36
61 62
62 36
11 6
24 38
79 93
46 21
19 23
91 67
22 18
65 78
46 41
3 29
34 36
25 20
92 9
23 9
31 29
70 23
58 88
44 93
9 18
96 78
42 100
38 64
40 45
87 17
87 59
63 6
3 70
90 23
93 48
12 58
29 36
76 49
7 85
41 80
23 61
76 81
22 10
18 52
53 1
33 33
64 88
49 53
52 72
64 2
85 86
57 30
34 70
78 10
34 96
8 96
1 80
70 41
34 52
92 76
46 30
99 25
43 69
23 9
6 18
54 75
12 88
43 61
66 9
49 65
70 27
64 80
37 36
58 8
12 84
43 20
61 25
4 46
68 68
87 56
14 74
62 39
93 52
23 75
38 37
65 96
62 40
18 43
14 15
93 80
84 39
54 98
10 51
57 99
45 55
75 68
83 67
81 62
42 67
51 75
10 8
34 81
32 71
94 39
62 66
11 54
85 91
23 70
98 21
11 87
31 19
19 15
69 57
48 11
19 3
18 59
41 70
72 72
4 47
88 23
29 37
18 4
64 64
6 74
14 53
25 35
87 43
31 61
89 90
52 86
28 29
78 67
90 47
87 8
13 80
49 93
60 82
85 3
68 77
58 92
1 81
54 92
43 17
92 63
8 16
67 11
78 33
9 91
30 44
13 100
96 16
47 56
62 13
60 2
70 14
58 41
99 90
96 25
96 66
30 65
21 98
10 4
71 41
9 9
91 45
82 14
7 40
98 93
54 26
8 4
76 60
21 55
61 64
16 33
35 63
93 70
55 4
100 39
10 91
86 24
22 5
34 73
16 30
93 49
69 15
34 57
68 88
100 12
98 96
23 51
50 10
85 14
51 45
41 68
81 80
37 35
77 24
59 24
9 88
4 55
81 49
34 2
41 25
88 15
45 59
3 58
39 21
1 69
43 40
52 30
9 69
92 10
74 99
19 6
3 4
87 16
2 6
24 80
58 7
46 64
99 64
58 24
99 52
36 13
74 10
64 83
18 97
27 38
68 19
25 7
71 46
68 91
83 25
29 13
18 22
73 28
52 75
16 91
15 86
40 69
7 97
23 75
80 57
51 61
32 52
18 82
96 24
35 16
98 50
82 61
69 99
10 18
57 80
32 2
16 95
59 71
84 3
12 3
62 32
83 70
30 45
73 62
99 85
32 98
5 98
73 17
30 68
78 16
31 86
5 29
71 98
87 63
36 33
71 49
61 24
29 97
86 18
17 21
7 41
52 74
38 79
12 33
37 96
47 78
98 64
31 77
99 39
81 37
40 51
30 90
77 33
73 70
69 68
40 81
14 31
53 46
14 47
91 95
49 28
16 95
34 5
28 72
85 75
32 87
34 33
69 44
55 3
31 70
73 3
9 81
5 75
48 37
79 58
70 53
54 9
48 94
1 82
13 3
67 10
30 43
54 55
83 97
16 64
98 17
19 20
54 83
92 25
67 23
85 85
92 25
93 22
76 13
85 92
15 84
4 14
33 95
36 45
48 61
35 31
94 54
45 38
22 22
43 32
54 94
68 27
26 98
28 74
97 31
85 52
81 50
87 18
59 37
52 6
9 59
63 15
64 68
54 39
26 74
4 5
37 18
56 51
57 73
63 53
59 48
66 79
75 84
73 68
71 50
63 83
37 15
59 62
5 16
29 64
50 52
82 75
22 92
44 14
93 98
81 63
10 43
40 47
3 4
31 16
86 89
5 76
61 72
8 98
51 67
97 75
72 86
96 98
30 12
25 46
29 87
44 29
99 83
31 30
56 51
72 86
53 71
85 99
75 2
41 59
88 72
19 1
35 5
23 9
21 13
98 13
72 75
22 21
55 45
80 52
7 18
52 86
94 58
84 98
21 3
10 64
53 6
57 73
51 64
58 50
98 97
40 9
30 95
46 64
74 63
13 3
36 93
26 11
12 57
76 26
65 29
30 1
74 46
51 73
97 41
70 10
77 92
65 84
84 22
63 97
21 95
52 79
78 10
32 9
99 58
19 99
79 91
79 4
50 51
18 48
66 25
60 16
75 7
2 90
21 27
75 57
72 38
35 25
71 18
96 55
29 70
72 45
86 87
66 90
9 53
68 30
2 25
15 62
57 68
78 95
34 50
64 36
51 7
37 87
24 68
87 13
55 27
87 78
69 48
42 97
38 97
19 2
67 85
26 88
10 63
58 28
26 2
22 81
83 2
16 56
54 64
62 22
39 48
45 38
79 22
8 47
46 46
18 75
25 8
60 87
68 45
79 8
51 96
30 96
67 35
34 37
83 79
96 11
86 100
18 61
56 19
81 12
97 7
19 21
63 1
59 94
26 88
13 94
61 19
78 20
42 44
96 26
55 48
27 28
39 71
66 80
87 85
14 91
40 20
5 27
13 81
90 78
71 23
64 65
20 24
34 84
25 22
69 41
50 40
4 47
60 73
79 49
27 47
8 10
87 98
61 2
64 67
32 64
55 76
32 16
34 51
79 74
26 37
9 9
46 32
14 70
66 98
44 10
19 24
90 58
66 35
19 80
28 92
26 58
6 51
13 87
98 62
51 50
82 89
38 63
54 1
38 71
66 39
84 62
16 62
19 50
71 18
40 67
99 72
89 61
10 84
66 66
55 77
50 78
13 31
68 45
54 99
47 67
11 29
36 2
54 77
25 46
42 41
67 88
56 9
16 79
68 22
24 57
50 96
64 3
31 100
71 11
32 53
5 29
74 36
46 74
64 30
68 44
97 10
84 43
23 95
7 32
46 59
54 35
99 7
18 97
81 83
38 88
45 95
96 79
37 86
26 17
85 84
75 21
94 92
57 9
29 97
100 22
51 39
12 60
6 78
22 9
89 71
78 29
60 51
92 64
72 10
39 40
62 46
10 86
21 23
46 18
42 3
55 80
63 59
72 66
1 81
41 43
98 38
67 35
25 80
91 27
46 53
3 4
2 7
55 98
78 36
11 44
9 71
13 50
52 43
70 18
81 61
36 46
76 88
3 15
82 71
84 51
7 40
27 100
40 53
81 19
46 17
9 95
49 37
40 75
98 5
21 72
92 56
64 28
71 46
69 29
91 32
17 53
97 98
63 38
37 49
70 66
36 5
81 92
86 27
76 97
29 31
7 48
51 25
98 73
42 71
10 27
77 49
62 63
50 80
36 56
45 36
40 10
45 77
35 37
32 73
75 79
39 38
48 89
76 75
71 100
58 51
40 56
8 18
50 71
32 50
66 45
84 33
16 3
11 50
21 75
32 77
89 73
53 13
64 72
12 86
80 61
87 57
2 76
86 3
14 80
53 90
85 47
24 79
94 40
65 72
16 36
86 78
61 94
57 93
29 94
62 73
80 48
30 82
79 93
31 75
75 59
82 87
13 11
8 20
92 77
76 51
100 51
44 99
16 66
51 98
38 92
48 18
74 55
74 97
92 37
37 54
37 36
6 22
93 74
65 53
66 79
40 16
65 69
40 69
10 87
30 90
88 15
53 58
95 91
17 66
4 17
92 98
96 9
1 11
44 50
85 30
36 2
70 61
89 88
82 72
61 50
40 9
43 45
75 93
88 53
92 34
98 24
68 24
68 26
81 46
77 89
9 83
66 17
93 62
13 55
96 39
45 14
6 57
89 7
97 85
49 95
95 52
34 58
24 68
57 63
26 24
74 5
38 26
27 93
35 50
25 8
10 94
97 74
86 61
57 20
82 60
48 99
8 91
17 26
3 78
13 23
97 2
2 25
2 4
9 66
11 75
74 27
9 36
84 42
56 50
68 73
42 21
96 31
42 53
86 81
11 44
79 39
19 24
51 71
66 58
90 95
31 82
69 47
18 57
33 34
13 4
55 26
86 82
81 32
77 13
12 39
60 98
41 14
69 64
81 3
36 73
52 41
88 17
20 49
91 90
45 89
3 6
40 57
70 46
70 68
2 65
5 9
14 25
19 93
78 75
59 2
23 34
42 9
51 1
40 100
62 21
37 27
83 9
68 42
64 40
4 87
8 42
69 81
37 96
8 32
24 42
49 70
49 72
80 44
8 67
86 25
34 44
5 19
40 55
62 32
23 35
51 6
90 39
14 90
95 3
1 66
57 20
97 2
86 31
66 5
1 94
23 67
12 30
83 44
30 26
60 30
28 73
82 4
13 21
57 58
76 21
22 54
62 91
86 50
21 54
1 8
58 50
6 26
67 90
33 78
92 15
25 67
63 77
96 56
100 26
97 53
19 38
7 46
77 21
98 70
28 46
92 22
7 13
60 47
93 73
13 44
6 68
67 54
86 6
54 8
96 27
1 92
26 16
2 60
10 51
2 6
30 60
92 75
88 15
69 62
98 13
7 2
93 54
46 11
59 42
39 29
87 29
62 33
36 59
21 82
93 11
71 15
100 82
22 60
15 2
35 82
26 97
2 26
87 97
10 19
52 96
76 83
32 26
83 14
60 78
18 90
40 7
47 8
23 4
40 78
72 50
6 21
44 88
49 75
85 98
37 58
79 61
77 9
99 65
46 14
16 97
21 79
9 76
39 19
75 1
82 6
100 33
38 66
11 64
92 61
73 55
82 47
3 41
99 20
63 1
4 69
51 19
56 42
83 77
4 16
26 11
79 62
57 36
13 63
50 76
85 94
30 28
35 62
46 100
61 10
92 16
19 98
91 27
47 16
85 74
9 8
7 95
21 25
6 3
59 58
63 15
96 56
71 76
98 3
59 78
82 60
48 70
88 66
21 38
8 78
81 7
98 37
44 29
61 88
10 39
26 97
55 97
83 55
2 69
94 16
46 60
48 58
76 97
8 65
51 81
96 83
67 90
46 62
66 87
25 14
75 87
54 45
1 96
53 77
94 23
90 36
45 34
13 56
74 51
43 34
83 97
99 69
75 75
76 46
66 38
43 43
94 38
58 57
78 90
32 68
42 64
88 73
3 79
46 39
26 8
30 15
67 18
56 85
90 68
89 42
17 64
81 23
85 14
91 75
96 78
42 97
62 1
27 69
21 55
7 61
28 91
78 28
52 62
48 61
49 36
50 27
37 4
65 77
85 92
22 66
99 91
19 51
59 30
18 79
79 96
54 96
73 21
74 34
100 74
68 63
14 16
5 45
61 31
59 14
56 99
98 36
29 11
10 20
3 6
100 44
16 58
67 28
28 48
62 27
59 21
14 73
84 33
8 9
92 12
23 43
28 1
74 15
49 88
46 62
34 65
4 86
11 93
95 15
49 95
66 6
23 78
90 73
19 70
93 80
97 2
82 84
7 39
35 20
85 40
89 27
88 75
65 63
89 37
20 82
3 74
47 15
60 86
46 3
57 15
16 98
66 9
95 23
23 81
17 86
40 25
81 74
60 77
16 16
15 55
59 33
16 19
47 60
27 21
69 74
26 25
9 71
24 5
58 68
84 42
86 27
84 48
28 55
51 16
46 68
57 54
63 59
88 18
77 98
10 42
80 21
67 67
72 95
96 71
30 98
35 46
18 77
96 64
27 32
62 26
73 72
98 95
31 34
26 23
34 2
93 62
1 39
62 1
51 64
25 8
15 87
6 80
34 64
94 87
3 16
38 27
30 63
75 42
14 65
31 45
48 80
14 47
13 77
16 45
75 26
66 15
72 32
91 7
78 93
16 17
15 40
17 50
77 79
97 58
31 93
35 88
54 22
54 30
30 77
91 61
6 9
4 64
14 31
93 22
57 78
75 58
94 48
88 65
87 13
51 32
98 73
33 40
61 36
75 60
89 83
32 80
83 100
79 35
98 57
97 14
74 15
75 12
22 95
37 83
48 34
99 66
63 28
69 5
32 30
72 95
8 7
85 30
64 50
65 58
37 57
61 26
19 59
47 38
84 16
69 46
49 3
73 76
13 14
61 79
57 33
54 46
6 86
12 78
65 11
14 97
29 22
83 17
67 83
67 63
22 77
1 25
61 92
59 40
10 41
17 19
34 44
71 78
79 94
44 5
51 9
55 29
82 92
82 31
85 54
45 23
57 65
80 37
55 32
21 6
65 5
72 86
77 21
10 17
9 56
10 28
87 44
41 99
100 24
38 75
21 86
72 40
46 63
27 43
70 10
100 10
87 20
80 91
94 37
49 89
86 12
61 39
13 99
26 98
33 41
94 12
96 37
37 15
85 46
70 54
86 40
59 56
5 82
49 73
46 76
97 65
4 23
72 85
38 88
95 36
91 69
97 51
89 34
32 7
44 3
21 21
82 45
66 35
84 8
93 78
11 39
89 3
19 99
5 9
28 16
19 82
60 86
10 76
80 10
57 32
98 63
72 61
59 40
76 88
17 80
38 27
12 97
90 81
48 75
6 65
94 80
49 49
57 38
91 88
59 88
15 79
73 3
11 20
92 75
55 7
88 93
75 71
52 41
40 80
76 1
54 8
83 78
47 81
99 18
84 55
18 65
75 14
18 92
78 44
68 16
38 63
48 39
20 90
77 47
61 61
2 2
42 89
46 47
1 64
43 73
14 9
43 2
41 20
16 44
73 19
14 52
100 12
47 73
5 4
99 51
19 16
74 17
79 13
28 61
56 85
99 88
60 52
61 96
25 47
72 1
78 16
22 79
50 21
61 21
87 70
90 90
87 17
33 57
77 60
4 81
17 39
96 16
75 92
51 80
85 9
82 77
72 86
29 45
28 22
38 69
33 71
78 21
27 100
54 50
34 86
69 93
79 35
42 67
25 8
48 13
4 16
38 99
61 69
21 28
6 46
39 52
2 80
3 7
83 16
78 90
3 1
1 52
3 73
88 19
36 25
92 70
60 70
3 73
81 13
64 65
15 36
85 65
32 87
88 78
47 76
39 86
3 18
31 32
8 27
29 26
61 60
31 2
81 65
41 44
58 51
46 100
52 18
42 11
33 75
30 17
17 14
68 5
92 61
79 52
29 84
84 13
10 34
72 33
31 52
85 31
81 54
95 85
72 57
67 56
35 71
41 68
4 95
45 64
65 56
18 100
34 2
26 67
79 11
49 17
63 46
93 33
82 94
62 29
39 6
18 49
29 70
95 54
49 50
22 28
89 9
8 89
35 41
40 99
99 100
48 5
63 32
85 40
28 86
89 19
73 90
34 26
70 25
11 65
51 58
8 82
10 36
73 87
50 67
76 10
30 74
67 29
65 30
9 69
91 8
80 66
51 37
67 76
53 75
70 49
68 61
4 81
95 75
6 72
42 55
15 20
36 47
29 68
69 95
88 16
98 46
38 79
41 95
16 65
78 28
57 32
85 68
72 95
33 85
60 56
75 68
16 29
32 66
40 21
100 25
30 64
64 79
23 54
4 38
5 16
97 12
94 61
30 1
20 50
34 13
77 72
12 46
55 30
46 27
84 89
61 36
61 30
37 7
99 31
35 3
78 72
14 17
34 7
14 85
26 26
31 40
51 65
22 66
59 9
88 24
33 60
21 82
31 2
11 86
13 9
38 10
67 45
26 91
99 26
77 91
68 20
36 55
28 24
11 38
40 92
89 9
8 59
33 95
34 32
29 30
27 98
90 46
12 26
4 21
4 53
46 91
5 77
11 84
13 9
36 50
34 97
66 62
54 44
1 85
11 62
6 43
38 98
65 16
97 60
32 86
2 36
91 68
57 61
48 16
80 58
76 100
83 86
58 74
44 13
31 34
33 81
14 79
93 32
85 48
37 14
46 47
28 61
22 46
99 64
59 10
66 91
100 1
76 15
44 9
79 32
21 32
51 88
18 19
15 26
50 50
28 20
67 41
67 21
3 95
74 55
76 50
92 56
23 19
60 51
60 52
70 40
57 49
35 60
87 49
5 46
98 82
6 60
83 78
55 5
90 72
90 92
27 34
83 86
99 77
52 10
35 45
48 56
16 72
63 7
80 93
15 43
29 87
92 68
66 44
100 58
64 99
18 60
19 79
19 36
64 95
3 37
20 2
83 17
43 77
32 3
96 66
18 19
90 80
76 40
27 49
27 10
87 41
86 49
8 26
71 6
71 53
46 64
22 53
2 83
62 45
48 86
9 70
82 96
27 100
46 99
94 70
20 41
44 26
3 54
13 76
38 2
94 95
26 18
100 12
1 29
90 85
12 42
28 12
68 79
30 1
71 51
92 58
82 23
27 7
77 23
98 92
23 8
46 28
63 76
7 42
66 56
58 52
5 24
83 64
35 70
7 32
29 29
36 66
7 83
31 13
65 86
22 38
46 73
42 28
45 34
68 28
98 64
15 69
85 39
77 68
50 99
31 69
72 68
62 46
22 83
30 79
17 62
8 100
70 92
12 81
87 61
41 36
27 90
35 34
83 10
18 69
48 21
45 63
58 35
76 14
51 27
25 85
55 68
41 31
13 80
62 42
88 42
84 12
9 45
93 41
99 25
85 8
12 80
98 55
43 11
20 68
21 4
13 81
88 32
63 38
46 31
68 11
66 100
43 24
69 98
14 34
58 72
31 56
50 13
77 100
34 78
85 72
92 26
64 78
88 65
74 98
21 75
44 94
87 27
70 61
19 74
96 96
20 88
86 53
22 26
29 32
77 92
9 35
62 31
63 93
60 85
49 89
21 96
78 5
53 20
57 67
65 19
82 7
41 36
43 60
19 56
85 52
29 4
38 28
62 36
41 71
34 65
91 10
47 77
36 5
67 51
9 21
97 7
8 45
93 78
70 4
72 42
12 11
66 37
78 40
53 74
30 86
12 98
68 92
78 16
99 11
73 88
25 26
59 23
85 10
31 1
71 56
17 28
39 74
54 24
68 34
19 19
81 3
39 62
98 10
48 47
7 30
68 45
9 15
76 39
54 3
45 70
85 86
67 32
95 22
89 75
24 16
29 64
36 40
38 73
83 90
81 75
2 57
87 22
44 69
8 65
93 86
83 63
58 81
50 18
61 78
19 21
52 57
25 17
64 51
2 40
59 47
15 48
92 100
99 13
2 64
42 52
66 1
28 87
29 81
64 4
78 84
79 27
28 31
31 93
4 70
46 5
68 41
49 67
42 67
13 70
30 75
60 4
46 40
72 47
80 36
59 91
50 41
44 77
74 80
18 22
69 76
20 3
4 80
19 8
47 28
29 66
9 78
60 30
53 18
47 71
93 15
63 81
59 7
37 81
33 98
62 7
47 32
100 50
63 80
15 34
84 13
47 72
100 49
32 96
62 77
90 94
27 62
37 41
46 89
91 12
11 58
93 37
96 55
2 45
21 87
21 34
21 89
15 51
81 45
93 32
65 92
92 80
2 33
93 93
88 76
85 99
50 31
3 29
72 64
93 90
29 68
38 32
30 70
93 23
92 42
84 73
99 86
24 46
30 96
27 40
98 50
36 91
25 19
88 81
11 35
81 7
57 32
71 86
27 27
4 80
92 28
85 28
56 85
70 20
85 5
44 88
47 43
98 70
74 59
48 46
26 27
80 9
2 54
7 99
31 26
46 67
72 71
11 35
63 94
43 10
71 70
15 77
52 86
30 4
24 90
81 98
34 40
87 17
39 50
55 28
36 95
47 13
76 83
46 16
42 9
17 96
69 51
98 33
56 73
76 53
67 77
16 4
99 76
61 56
69 6
35 82
33 79
89 73
96 53
28 48
90 52
26 16
22 67
93 33
22 28
31 54
55 89
31 26
90 94
88 83
18 53
29 51
84 70
27 17
76 9
37 50
77 82
54 93
11 45
52 60
100 16
33 94
87 68
58 57
50 92
32 78
38 21
89 66
90 45
36 86
26 21
53 28
28 5
10 99
42 40
29 40
99 29
23 64
31 94
26 69
77 14
18 67
19 41
58 10
20 81
53 71
18 32
25 82
22 95
46 36
43 74
64 44
67 21
84 28
93 13
61 92
74 45
93 86
41 92
46 50
91 24
91 4
37 7
74 26
85 46
61 36
90 22
58 69
69 85
5 27
79 77
34 55
91 43
84 67
51 11
18 83
26 3
17 77
71 47
85 90
45 41
30 86
17 76
90 38
97 7
37 97
79 31
49 43
22 18
49 97
52 29
85 80
31 80
63 80
30 66
26 94
33 52
51 4
58 95
10 48
60 44
65 4
35 38
60 17
49 16
65 84
28 59
54 35
7 65
4 13
78 7
6 72
71 25
28 65
17 92
50 93
39 63
21 22
50 48
43 71
2 17
70 84
86 70
24 16
42 50
81 41
2 26
54 4
5 64
74 54
17 39
92 3
17 21
70 6
78 32
62 98
79 65
22 10
56 76
86 6
94 93
14 9
11 32
17 69
43 27
81 63
20 41
5 95
36 94
19 61
87 38
94 25
8 17
89 57
93 69
39 71
29 1
53 3
22 61
89 74
46 51
100 42
54 63
21 36
33 67
60 29
10 22
12 23
33 22
35 14
45 78
54 93
18 83
8 33
11 35
70 82
15 32
72 12
26 27
64 30
83 8
33 5
31 69
21 63
59 69
48 64
66 58
54 34
7 10
50 69
15 24
24 34
64 65
43 80
74 28
94 75
7 89
34 5
30 29
23 6
30 35
19 63
16 22
29 12
36 3
50 27
84 82
47 65
47 94
52 70
45 54
68 31
82 47
24 73
87 61
96 15
41 100
39 40
2 97
29 21
99 70
100 74
31 74
45 33
45 55
15 62
45 74
63 44
19 30
26 5
90 75
42 13
31 5
19 86
63 64
5 86
58 22
30 2
99 22
67 69
34 95
61 66
52 68
50 36
79 22
36 90
51 38
42 26
16 64
26 9
79 35
14 59
58 26
22 57
92 32
44 2
64 26
23 67
55 32
24 100
33 88
81 44
12 35
67 1
57 90
67 85
3 13
57 58
72 33
78 96
14 43
33 30
21 15
17 35
31 95
37 7
99 78
58 24
44 55
81 37
7 44
22 38
29 48
93 4
91 56
61 88
47 19
27 86
28 87
67 73
32 87
4 84
67 14
4 45
56 87
18 41
48 51
69 69
41 14
22 14
39 50
51 57
58 40
90 38
59 50
70 16
69 2
57 5
37 6
98 61
30 69
4 68
64 74
60 12
52 3
34 75
4 16
63 58
52 49
41 2
20 55
85 32
19 58
44 4
89 52
46 5
53 3
66 40
51 82
65 82
80 44
8 58
70 19
15 28
6 48
22 32
10 5
95 1
100 12
89 65
96 44
25 80
5 63
80 94
34 51
34 68
22 36
6 61
33 41
60 34
52 24
86 24
38 72
76 64
70 87
28 34
79 22
11 58
55 74
12 75
88 58
62 22
40 39
58 13
97 81
52 35
96 95
57 70
95 51
24 85
16 95
55 22
80 22
46 88
93 1
63 63
98 19
42 88
35 54
79 20
37 37
42 67
72 28
70 28
18 19
89 62
61 76
8 46
93 41
29 15
11 49
72 92
23 15
63 89
62 6
89 29
5 13
91 61
15 13
77 57
68 27
56 19
74 15
22 11
82 98
37 36
3 33
58 29
16 83
70 18
50 90
60 36
70 77
24 1
92 86
72 62
22 73
98 31
76 88
35 97
11 39
80 42
36 53
2 81
70 3
41 85
17 88
84 39
99 72
40 51
11 42
84 15
61 92
46 50
97 65
77 2
67 41
85 47
97 16
81 4
5 38
90 16
24 67
33 46
18 5
26 10
85 88
20 85
28 87
33 61
29 3
5 50
57 24
20 32
28 9
62 76
92 67
88 39
77 17
33 33
67 90
69 73
9 13
65 14
8 42
37 6
10 12
67 53
54 22
25 94
24 56
76 90
93 62
58 88
66 59
26 27
4 44
12 74
3 32
77 4
69 76
59 1
10 67
81 89
64 44
71 64
4 59
20 34
75 80
77 77
62 41
52 12
86 30
13 56
9 55
74 16
1 53
19 39
60 21
84 9
42 50
59 22
41 94
62 57
15 23
96 25
48 64
92 42
100 61
89 20
34 8
12 6
62 100
39 42
24 35
99 47
65 80
93 83
83 29
37 11
86 98
80 39
70 24
82 61
13 51
48 28
99 41
88 19
6 43
77 84
81 17
35 65
79 72
71 45
61 62
88 79
23 15
44 7
64 27
14 75
74 78
74 66
88 68
4 62
18 8
27 74
91 46
91 36
35 22
16 20
58 10
67 20
53 37
91 12
9 79
33 74
63 66
43 58
64 41
76 61
36 47
97 5
66 84
7 99
4 86
98 55
62 94
39 41
8 6
5 45
18 54
19 44
100 11
69 47
49 69
38 21
51 94
32 67
50 92
72 3
20 24
31 89
49 73
20 64
18 26
38 19
50 2
4 38
26 86
46 41
93 25
99 55
78 26
34 56
6 69
74 24
62 19
99 32
94 17
86 4
71 67
90 13
77 15
72 71
36 99
76 69
61 4
97 100
82 90
27 84
36 2
92 36
53 48
84 81
25 90
35 62
51 69
43 89
7 66
49 26
15 67
95 91
6 16
50 32
84 45
70 94
81 53
14 71
26 77
78 73
100 53
82 29
53 82
89 11
98 90
58 58
16 31
77 84
14 63
45 48
46 97
38 100
57 3
97 98
86 67
83 89
9 20
43 59
32 51
41 60
79 54
25 72
46 41
88 88
77 40
9 56
76 69
21 65
75 13
59 17
55 20
81 21
4 56
44 54
38 99
43 43
42 96
72 64
92 74
53 74
47 67
61 14
53 58
5 34
80 71
85 33
69 57
97 21
23 27
18 68
93 69
90 100
64 28
66 71
34 88
23 40
70 20
94 82
73 24
24 52
78 86
97 55
51 9
98 81
89 1
84 69
33 99
44 39
86 47
72 44
63 26
21 35
4 16
50 32
75 69
83 94
26 34
76 71
90 45
25 97
65 96
14 17
42 98
69 58
93 83
77 82
56 43
2 66
100 3
20 87
34 7
33 84
45 12
87 83
52 14
98 60
12 71
17 89
69 2
90 52
41 47
4 4
51 49
96 88
61 99
42 62
28 2
97 69
12 94
21 69
62 58
80 60
80 76
12 36
28 47
78 31
90 19
96 42
20 62
79 57
92 22
4 62
4 65
92 12
20 70
91 57
30 5
40 21
38 61
68 71
3 93
14 93
96 64
26 95
28 54
4 97
24 24
74 79
8 36
51 100
26 74
1 84
21 57
57 30
3 41
46 56
63 95
7 49
59 21
80 14
74 69
76 79
81 58
18 5
71 1
97 21
43 25
82 49
34 69
23 45
20 58
45 29
59 2
88 80
16 77
51 86
25 33
50 11
36 28
24 90
96 97
17 20
55 21
57 10
47 27
33 77
2 99
9 20
45 15
48 55
45 54
32 72
88 95
22 82
23 33
62 69
66 77
27 60
28 4
59 9
56 89
29 97
51 27
70 37
23 96
45 84
40 94
86 89
76 85
76 89
94 20
37 8
48 42
36 84
34 47
37 25
48 68
11 41
39 82
41 2
18 2
21 77
51 27
67 10
29 78
13 10
23 22
6 9
75 45
30 24
59 27
75 51
80 16
50 64
2 31
55 58
76 63
6 25
31 79
99 86
63 37
57 22
63 55
68 43
84 40
77 49
38 40
36 70
96 67
77 82
33 99
97 89
17 96
2 5
21 8
79 20
20 4
95 23
59 33
93 30
95 51
2 62
10 35
70 8
92 69
81 15
27 78
82 8
68 13
98 7
97 26
83 67
79 53
24 76
4 13
86 93
61 65
73 63
63 18
49 24
99 27
18 86
22 57
56 67
80 46
72 99
15 62
25 86
78 23
85 39
65 50
67 51
30 33
54 30
47 15
55 12
94 23
35 26
12 47
11 18
89 41
68 82
83 90
42 80
53 13
58 60
22 50
17 89
47 72
69 80
95 69
32 32
88 44
80 28
42 81
83 73
5 55
96 68
49 85
22 67
7 55
36 13
20 23
87 22
49 76
10 49
19 54
71 11
63 58
27 5
38 70
39 40
4 44
68 68
56 98
54 93
73 88
32 64
38 24
40 95
86 40
53 44
93 20
55 87
86 25
39 83
55 41
57 17
18 8
72 25
66 96
34 21
56 92
38 35
82 15
32 90
13 91
41 71
81 70
33 96
72 32
18 2
65 50
69 9
10 76
78 28
25 65
13 72
17 42
33 92
42 20
38 38
100 97
39 88
23 60
62 41
41 14
47 22
51 90
68 32
81 80
60 93
19 64
15 25
87 7
82 65
56 27
81 57
22 57
73 91
23 84
75 20
58 19
62 34
21 56
15 70
59 32
63 68
20 9
11 37
92 22
57 1
27 91
72 28
19 84
25 52
7 29
29 37
30 74
29 37
49 76
44 30
44 51
35 39
2 60
18 89
28 7
59 22
79 48
37 26
20 14
41 75
18 86
38 91
52 49
80 46
97 13
39 9
76 15
46 67
40 85
62 85
97 57
3 37
15 64
70 3
17 22
55 23
22 56
20 96
96 14
50 84
64 37
8 64
17 9
75 52
83 80
49 2
15 15
82 37
25 84
55 72
28 63
7 69
94 51
97 72
43 58
8 39
47 87
69 84
94 89
11 78
59 6
73 71
25 9
67 44
93 57
81 48
54 77
60 82
81 97
100 13
85 70
88 6
34 69
54 41
70 50
13 73
81 13
23 76
92 90
42 83
69 96
27 93
68 19
87 43
33 15
50 63
39 18
91 41
24 4
67 100
74 8
77 69
18 42
31 79
77 10
70 75
52 31
68 85
22 78
73 26
70 2
83 36
86 99
34 44
2 84
48 37
90 21
11 23
34 38
42 93
1 27
86 41
40 55
4 36
28 66
25 44
55 61
25 75
46 53
89 19
59 83
57 40
28 52
70 51
64 63
4 91
42 90
91 48
55 18
61 58
6 82
24 90
27 34
97 87
81 21
64 19
74 9
43 17
3 88
12 98
65 8
53 47
99 39
40 88
28 27
87 57
51 16
90 71
39 84
90 10
20 22
48 97
32 51
25 23
49 11
72 12
1 83
36 38
2 61
85 6
57 5
5 74
92 3
29 46
51 17
33 62
11 81
57 100
99 28
4 56
83 47
66 69
7 84
22 44
95 74
44 68
18 34
64 57
96 29
89 46
86 72
26 99
95 70
59 18
53 50
77 38
75 49
46 9
32 19
77 72
59 42
97 75
95 57
30 50
38 49
35 56
83 70
52 91
83 86
24 14
6 26
35 87
89 52
34 37
20 72
42 24
66 76
38 14
71 13
4 47
76 3
9 75
1 49
46 59
74 6
71 74
80 23
54 8
65 44
19 59
6 100
92 52
95 58
96 60
84 30
36 77
34 99
73 97
33 53
34 30
49 63
22 40
17 30
82 85
24 59
57 80
13 60
26 50
86 16
20 86
4 66
19 24
73 96
24 92
34 98
34 20
61 33
69 87
11 42
39 84
96 57
46 77
58 78
64 52
13 15
58 3
57 49
18 27
1 16
15 82
61 93
66 53
60 61
39 90
3 55
65 62
25 80
15 99
18 9
65 72
83 73
49 71
20 2
86 74
71 87
54 72
21 76
28 42
18 97
54 59
31 71
33 57
32 49
53 72
11 69
13 76
85 30
46 20
15 18
20 14
25 64
43 15
87 64
3 46
75 66
15 17
22 94
31 11
91 68
38 23
79 44
78 74
17 99
45 89
17 100
56 1
38 88
31 98
56 35
29 41
48 85
12 83
34 82
95 15
71 72
54 93
90 74
77 14
27 42
42 75
39 64
100 45
24 4
88 39
41 73
9 49
67 15
59 79
15 27
44 53
3 88
18 6
81 91
33 32
46 90
33 12
88 39
47 99
65 82
44 3
17 86
63 81
25 24
37 64
59 16
40 56
100 49
7 3
37 87
2 51
41 13
42 64
1 83
92 24
49 46
63 99
3 23
13 80
96 61
2 84
87 75
62 70
64 86
43 40
61 4
29 34
36 86
58 26
59 95
93 48
19 26
18 77
17 12
74 12
61 43
30 60
29 64
68 86
69 20
38 4
87 75
84 90
66 22
33 97
87 19
79 8
58 36
97 7
8 52
21 7
9 60
100 30
76 67
10 55
96 51
75 100
58 39
2 44
43 34
24 76
32 17
51 1
45 15
68 55
5 39
6 78
39 73
21 58
33 31
94 100
4 93
12 50
50 11
58 16
100 67
12 83
97 61
85 91
24 27
55 19
6 94
90 28
12 7
62 37
57 49
65 47
18 5
53 37
33 43
41 21
92 87
56 71
66 25
19 100
39 61
2 68
56 67
100 98
12 11
61 40
45 51
99 61
7 83
73 87
51 73
48 87
94 8
20 90
25 90
21 93
16 1
87 57
92 99
61 85
64 32
49 77
85 37
11 43
46 72
30 21
45 78
100 11
23 70
49 89
32 67
8 17
74 85
12 38
49 80
70 88
64 99
66 85
46 69
31 36
38 81
2 42
96 13
70 58
68 73
89 67
47 43
20 5
64 26
9 79
9 61
29 97
60 16
82 90
28 61
70 62
56 3
52 21
19 45
62 14
96 40
53 76
66 89
27 28
68 33
50 69
66 38
36 14
6 92
18 9
94 39
35 43
72 91
29 75
3 43
25 14
96 66
1 98
49 81
82 47
32 18
80 94
73 61
54 80
67 26
84 29
66 55
8 10
92 95
91 100
95 49
28 67
63 96
50 9
47 25
39 43
84 40
6 88
68 8
25 38
93 67
20 85
17 61
22 70
19 37
26 70
19 90
51 73
67 74
3 69
18 3
16 18
30 56
68 24
55 90
37 7
99 49
53 5
47 21
57 84
19 34
37 10
38 61
69 41
70 83
1 61
72 48
35 24
6 40
21 90
58 62
28 50
20 19
79 17
91 75
58 41
11 33
35 76
17 37
37 97
66 38
32 68
59 14
69 38
76 92
8 36
97 46
9 63
56 81
13 30
87 87
30 48
38 28
60 67
57 81
33 1
7 5
50 29
39 13
61 17
55 27
70 65
20 66
67 15
6 21
54 63
72 48
94 65
85 80
33 51
16 97
61 20
35 69
88 42
65 79
78 51
75 39
38 89
26 51
78 21
19 13
40 46
18 39
72 61
15 49
44 83
81 41
64 66
44 73
55 44
46 74
14 5
90 27
22 83
17 95
96 47
11 25
62 5
81 8
50 45
64 13
94 66
37 7
94 24
25 63
49 6
2 68
28 87
39 77
68 4
39 16
35 54
50 55
99 45
14 45
55 92
5 8
48 31
3 58
18 52
63 45
25 15
68 2
3 47
28 54
81 81
75 52
34 83
90 50
45 62
54 1
32 87
10 64
94 22
27 28
36 31
14 47
45 44
75 46
74 80
41 68
60 41
87 22
35 19
81 29
92 43
33 17
13 78
49 16
82 8
89 82
84 53
98 24
67 5
15 50
69 67
41 38
38 8
40 100
56 22
67 90
53 39
11 44
37 90
75 25
72 77
16 35
1 58
49 32
44 22
47 20
73 19
9 4
59 40
41 91
94 20
62 45
46 9
50 93
89 48
80 100
83 17
61 18
34 32
100 20
14 12
33 88
57 64
79 52
4 12
53 18
7 25
82 23
53 74
87 33
54 20
48 57
72 71
13 25
39 76
36 3
56 47
50 13
92 28
16 62
100 21
51 31
13 83
39 66
98 50
68 54
75 76
16 25
70 31
55 49
10 73
47 76
48 24
12 16
6 50
53 24
24 21
32 15
40 75
7 80
26 94
6 20
74 82
90 44
49 5
39 38
100 36
26 66
68 85
49 63
87 54
31 1
19 29
48 91
16 34
57 89
88 9
2 53
8 73
41 60
16 97
14 40
25 22
49 28
60 7
3 69
94 15
73 36
4 62
82 57
54 49
40 3
91 4
65 63
100 91
3 67
9 40
32 49
92 3
3 91
16 95
54 44
72 37
78 79
45 11
84 44
90 7
92 24
18 59
53 85
82 19
100 1
85 28
11 4
74 92
22 54
37 49
10 14
41 68
15 24
84 82
98 77
24 83
99 52
36 54
56 33
27 36
73 47
54 81
95 42
35 79
43 35
83 51
94 70
1 32
87 27
74 34
78 14
26 27
53 37
95 20
77 34
67 100
86 81
76 11
33 69
57 32
46 72
74 36
20 58
97 53
6 15
49 88
36 14
7 77
50 58
76 21
82 17
90 95
50 58
65 50
43 7
45 35
39 15
81 53
65 61
49 21
15 71
71 94
64 52
27 8
19 67
75 61
37 44
27 51
36 94
70 99
21 86
42 53
36 85
49 27
42 100
68 39
13 90
22 59
67 94
25 60
14 4
67 46
14 83
77 7
32 92
77 83
13 92
18 39
6 32
7 65
42 96
25 93
97 56
100 86
19 50
62 83
75 96
89 25
90 60
76 99
67 79
9 55
57 63
42 40
61 27
73 19
31 71
88 19
53 67
60 48
22 47
77 40
46 60
78 25
5 81
23 42
47 80
77 80
76 7
77 4
27 31
51 85
91 17
85 44
22 19
14 22
77 47
16 23
38 68
80 3
92 43
63 99
42 50
53 34
48 61
79 63
2 55
98 34
69 53
10 91
92 92
1 92
87 92
25 31
14 80
8 1
23 80
58 6
67 55
63 87
64 79
30 72
88 45
18 42
67 45
56 68
37 20
32 74
66 26
72 93
77 25
46 10
52 38
4 99
62 17
44 82
88 95
71 39
12 72
51 82
9 37
1 81
49 72
54 79
14 16
86 71
11 57
47 86
1 2
3 97
67 3
50 20
28 85
94 89
64 6
1 38
100 1
49 64
91 37
33 98
63 44
53 63
80 45
48 71
83 96
30 46
2 46
100 37
82 17
2 44
94 34
36 9
55 19
25 55
59 13
28 12
38 95
93 84
19 20
23 3
71 50
92 70
20 17
30 62
23 3
11 44
83 58
24 40
27 53
68 51
