100 50 100
50 4
78 46
10 48
38 32
63 11
74 50
13 12
82 46
52 13
25 8
96 42
18 11
98 50
50 5
45 9
89 42
41 41
32 47
77 48
58 49
42 22
98 41
38 22
31 46
62 6
16 8
64 9
94 30
50 8
29 7
25 23
18 10
50 4
22 26
78 1
45 4
50 6
59 50
10 12
28 8
50 24
22 41
72 20
68 6
46 26
10 13
27 10
97 34
14 26
51 3
87 37
97 28
90 12
97 25
83 37
52 34
2 37
81 36
81 36
47 16
90 45
8 19
99 3
28 23
78 17
86 41
99 48
51 13
30 20
58 25
28 13
5 16
60 31
69 9
79 49
68 1
48 17
38 31
90 17
44 31
26 44
90 29
8 10
34 48
96 47
64 36
32 12
98 39
100 46
85 40
12 8
51 35
53 38
78 21
85 39
34 38
24 28
65 28
50 43
23 9
