44 62
145 108   4  82  36 166  56 160 188  70  48  71  74  58 198  85  90 155   9  20  84  69 145  33  86 172  75  92 183 125 169 118  82  40 108  76 176 162 185 148  72  99  35  26 126  58 196 170  63 186   8 162 118  39 166  95  49  58 150  21  21 160 
 99 160 158  10 195  55  50  64  86  77  46 120  44  84 126  35 182  26  90 100  44 196 168  98 110  70  88 183 155 115  82 125  62  27 184 164 154 196  54 192  66 140 175  70  72 132  26 128  76 125  96 159  10  92 104  63  33 148  52 164  25  81 
111 160  21 158  35  33  64 186 145  21  18 105  74 133  24  38  68 176  94 104  75  93  10 115 159 192  85  24 176 141 195 148 126 159  92  32 106 174 174  49  24 104  93 194 115  10 146  21 182 189 178  57  27  55 183  15  74  70 100   8 124 164 
 22 110  74  14 142 102  66  55 124   6  58  26 153  82 115   4  27 116 130  10  38 170 153  96 147  68  40 158  42  16   6 178 123 116  87 185 128  48 190  52  63 105  50  25  93  94  45  21 126  82   9  54 122  27 148 169 188  20   9  56 188 124 
 40 174   9 178 196  86 129 132 117 172  22 162 126   4  65 143 121  40  36 146  33  82  39 189 100 115 160 192 174 124 128  93 159 187  70 187  46  35  21 178 176  72  98 130  98 138 184  56  57 140   9 108 182  28  52 183 130 102  74 119  74 124 
 93 116  65  92  21 168  30  77 185 170 115  85  87  15 132 171  77 126  66 143  86 174 185 185  22  70 192 176 183  78  12 125  42  95  76  42 136 140 114  99 147 134 142  66  57  27  95  10  54  22 161  25 184 111  42  54 147  98 183 119 189  34 
 23 128  15  56  56  64  58  34  70  28 170  39  18  99 196 122 122 159  69  33 121 174 175 118 174 192  44 144  14 116 157 166   8  75  62  85 115  33 187 104  84 150 169  46  82  80 125  66  21 144   9 176 114 116 140  66  98 158  69  77 108  88 
178  22  99 123 100  92   4 166  69 195  54  63 198 165  16 146   9  70 174  93  49 183 100 122  75 158  46 140  40  81 118 148  20  21  45  64 111 111 142 116 117  96 192  88 194 161 106 188 111 146 130 117 169 165 178  21 126 175 156 156 184  51 
172 120 140 123 145 178 154  36 148  32 133  56  25 152 195 162 128 100  26 146 185 172  50  30  54  50  94  64   6 124  86  40 136  50  91  22  74 166   4  38 176  64  66 162  92 184 138 161 123  64  86 160  68 144  20 110  72 172 116 186  76 153 
153 176  51  86 182  65 185  93 192  94 100  28  98  45  22  70 121 195 106 135  75  94  35 158  68  64 104   4 135 104 141  88 183 141 104 145 133  34 111  35  45  24 125  78 169  95 147   4 128 195 111  66 198 119 126 108  10  56  94 142  14  12 
121 126  50 106 195 172 172  21  48  74 117 121 154 164 186  45 112   4  18 175 192 115  38 184 174 104 142 186 123  84 136 166  66 153 104 189 108  27  66  76  14  65  91  30 176  82 140  24 186 140  98 114 121  77 166 116 159  81  15  12  75  78 
126  35 141  32 169  98  68 130 153 123  76 153  92  10  75  80  55  74 162 121  76   6 129 138 175 183  92 171  74  72 186  64  40  98 130 120  24 170 174 161 172 132 196  22 156 124 196 170 129 162  42 102 170 164  40 153  24 146 104   6 196  45 
141 134 165 128  75 165 106 188  16 170 142 173  87  24  46 174  45 141 143 161 100 174 198 136  93  16  80  34  90 162 177  92 133  40  80 124 161  42 185 172  26  26 115  91  46 164  66  42 140 105  54  93 153 187 164 102 175 115 184 162  78 158 
196 160 104 195 121  38  18 198 118  51  34  66  20  49 141  48 178  65   8  46  81  87  60 100 172 116 175 195 154   4 171  99  49  14  99   6   9 105  28 170  27 176 145 171 148 185 160 187 175  55 171 165 130  45  22 112  21 174 106 176 168 119 
 45 174  90 143  46  81  26 182 145 177 124  65  14 182  93  99 129 188 105 132  90  68  85  14 138  54 146  21 128  62  10 138   4  98  28  81 122   6 118  42 153  39 186 144  24  12 192 164 125 153 144 154 112 106  62 134  98 159  56 158   6  94 
 86 123 156 118 178  18  14 104 138  16  39 110 121 147  39  94 187  46 174  75  92 188 186 115 187  20  66  84  35 187 178 138  36 171  90 112 106  62 104  27  90  86 138  18   9  76  88 184 136  54 169  96 106  44 150 158  56 190 192  70 147  12 
155 124  55 198 117  55  25 189 143  58 112   8 105 110 121  85 171 152  10 140  56  87 182 132 152 190  24 171 195 116 112 156 194 169 144 166  18 160 124 182 169 147  26  30 147 183 110  20 180  45 165 147  55 110 142  99  65 169  20 124  93  30 
132   9  27 119 111 138   4 126  92 165 195   6  45 195  78  39 156  44  35 187  16  74 116 187  49 183 182 161 129  91  28  25 147 126  45 171 100 196 144  50 171  54  94 105 116 154 190 110 159  92 117 196 174 175 162 105 138 144 155 105 136  72 
 78 144  82  36 154  56 188 142  92  93 198  78 178  10  54  65 105  56  51 171 143  99  46  52  70   4  50 133  49 176 172 171 174 168  54  30  94  80  12 175  66 159 164  85 140  58 106  56  45  85 114 117  40 129  78  64 168 153 134 187 194 111 
145  14 164 195  22  48  45 118  45  68 126 194  57  14 144 145   9 110  45 192  78  98  35  40 190  63  38  96  80  75   8  55  84 172  21  40  95  22 195 168 122 150 129  92  78  70 172 198  52 158 154  40 185 164 138 152  44 180  49 178  88  49 
128  32 147 192  86  65 155  12 187  46 102 134 106  25  36  25 159  33 144  82  92  88   6  57  45  56 145 123 169 132 119 141 154 123  84  22  74 152 108  88 158 142  82 162  25  91 144 192  46 111  84 106  63 198  88  15  91  78 183 159 168  14 
 86 115 185  16  10 138  36  91 164  96 140  34  96  90 146 125  18 192 146 136  58 183 165  10   9 171  82  99 150  94  44 160  91  33  26 132  87  52 153  84 180 168  96 152 190 183  32  90  55  93 186  21 111  90  46  72 184 132 122  56 140  54 
140 105 195  92  66  80 114 160 102 142  74  51 110  18 136 121 192  94 143 194   9  98 148  76  64  30 170   4 123 195 112 124 177  58  50 164 125 135 168  84 144 144  65 196 188 132 129  28  96 170   4  50 180  99  21 120 112  77  42 164  16 168 
 35 158 116   8 172 122  87 119  42  55  81 135 112  38  32  35 188  91 121 175  60 180 104 111  15 158 195  95 100 116 196 154  98  63  75  32 104 190 134  55 124 186   9  92 148  92  46   6 105  85 114  70  92  55 198 194  55  91 136 160 135 189 
 70 198  26 128 164  45  72 146  54  60 135  99  50  52  42 104 152 100 192 178  45 180 132 141  60  46 159  48 150 168  94  76 174 195 135   9 124  57 187 164 185 134  76  20 178 141 156 165 108  58 162 152  86  86  99  98  15 187 185 145 108  96 
186  10  12  95 122  68  20  85  87  42  35 133 194  78  16  88 104 160 170  60 141 125  51 186  99  45  86  51 154 172  32 195 110   4 108 136 160 105 158 166 114 182  38  63 153 129 187  70  38   9 144 153 169  21 192 108 126 118   8 182  62 187 
112 144  26 168 125 147 128  44  54 148  33  16 102  88 175 184  42  82 188  93 169 134 183 156  78  16  93  30  10  60 155 154 195 174 174 154 166  77  76  93 156 171  16 158 136 169  99  33 104  96  49 126  66  69  68 142 174  58 119  36  68  51 
122  65 156  51  58 128  74 189 166 112 118  74  82 110  10  74  42 158  91  68 108  98 128 123  64  16  50  27 124 121 123 130  48  46 171  42 122 136 169 180  39 142 195 136 146 184  38  16  18 150 176  22 159  52 126  55  18 158 165 121 135 160 
115 133  70  16  69  68  52  50  82 128 160  10 121   9  35 134  34 183 161  90  78 155 184  87  63  52  10  26 148 188 198  33   6  52  91  75  90  39  93 190  45 156  92 112 189 170 104  78 112  99  44 146  94   4 102  55 110  65 176 100  45 146 
117  34  48  76 100  54   6 145 145  38 120 102  80 192 187  78 148 194  75 195  40 180 189   9  42 198  52 136  50  66 160 100  64 185 122  96  25   8 133  38 145 141  48  82 152 145  69 159  92  10 146  63 161 182  28 146 144 183  91 172  27 190 
183 178 130  91 135 161 185 185  69  69 140  44  15  85  44 169 128 126 186  66 185  27  66  50  44  94  77 175  42  27 185  42 158 192  30 195 133  15  45  21 195 106  86 119 152 130  42  14 105  51  52 190  35 120  65  33 156 145  38  74 155 156 
112  85  25 177  86  51 172 192 154 111 112   6 130  16 111   9 144 132  81  85 134 184 171  99 189 155 182  80  22 194  15 135 187  96 147 175  52 125  55 117 117 150  80  74 150  22  72  51 158  84 143 116   4 186 134 134 134 180  55 156 150 195 
128  48 118  99   6  92  34   9  87 166  15  54   4  72 119   8 196  95  12  12  75 152 192 140 117 141  49  85  20 133 170  25 114 136 192 135  18 168 147  57  45 111   8  92 184 178  14 119  48 128  99  82  15 120 121  24  27  58 174 177 180 176 
 86 124 135 146 146  25 189 186  72 136 105 183 104 196 132 185  65  90 158  63  94 150 126 147  88 164 142  10  91 125  44 134 150  52 118  85  78  94  33  84 194  54  32 132  64 130  48  49  99   9  57  95 166 135 169  22 145  15 143 198  72 116 
 54 126  34 187 118  82 130 129 159 124 154 180 168  10  54 166  26  92 144 121 168  35 183 165 132  48   9 124 168 100  74  16 126 147  38  30  52 189 155 196 110 105  56 105 145 129 134 133 112  34  24  55  58 133 160 118 164 116 172  16 195  16 
 81 164  72 128 146 142 187  22  70  72 117   6  34 120  74 150 174  72  87  91  30  20  34   4 168 100 147 123 102  66  80 119 144 195 129  63  50   6  51  34 124  68  96  14 116  98 145 116 144  91 122 130 117 120 162 158 140 162  56  55   4 165 
 22 105  74 184 104 102  62  10  20 122 112  72 117  32 154  81 112 184  91 118  35 180   9  81 153  12 125 112  76 115 152  93  49  44 156  70 126 118  75 129 182  86  98 166  72 164  65 100 162 110  74 124 150 119  98 106 156 134 118  21  32 130 
128  52  22  74  50 121 102  85  72  86 187  65  48 158 194 125  95  65  45  87  55 178  49  54  42  14  36 106  36 150 106   6  55 171  38 187  85  88 152 171 143  91  93 145   4  76  55 165  77  86  14  62 108 141  74  84   9 126 136  12 124  81 
124 154 135  25 187  77 126  84 126   8  91  38 160  25  26 102  70 159 110 176 168  94 124 198  77  32 123  26  26 178  80  96  42 175  96 116  77 186 125 164 119 123 162  96 171  86  76  30  16 147  80  10  75 141  22 119 187  81   8  44 180  38 
 58 145  50 146  26  40  22 135  51  69 133  50  24  95 183 195  75  24  66 185  86 195 136  28  10  14 155 156  78 141 158 105 104 164 152  44  34 174 198   8  40  25 100 114 147 119 145 141 194  38 171  48 147  27  86  82 165  32  92 119 104 178 
 72 130 169  65  16 130  99   9 171   6 126  55  80  78  46   9  20 189 146  24 144  20  36 110  24  64 166  98 156  80  33 175 180   6  90 156 141  30 183 166 136 118 142  69  35  63  92   8 133 184  64 159 140  95 100  30  66   6 100 104  18 174 
 94 144 158  64  34 186 106  25  64 125  20  90  48 186   6 184  24 161  39 171 184  96 114  16 152 171 164  82  60  84 177 186  91 105  66 147  48 124 189  16 187 171   4 123  22  63 102  92 142  49 144 143 106 116  45  75 192  51   6 136 152 178 
 50  54  66 144  84  87 138 134 166 164  21 117 115  78   6  95 102 175 122 182  75  10  28  88 102  88  87  99 189 143 190 158 122 196  82 176  52 158  18  82  56  91 102  15  38  40 147  12  15  49 165 100  65  98  66  88 121  54 141  50  90  66 
190 148 176 152  63 122 132 143  69  57 187  21  56 185   9 136  91 153 126 102  18 123  20  35 117 176 120  68  32  88  18 184 124 142 143  78 102  99  94  18 186  93   4  18 192 140  34 192  24  35  21  68 133  21  16 174 148 115  56  28  82 105 
