83 81
 52  48  70  60 136 186 143 115 119 190  65 190  73 176 104 189  94 124  26 130 117 140 125 171 159  18  70  94 130 160 170 182 161  99  69 135 128 189 126  80  88 114  49 192  87  56 145 111  74 178  95 182  50  46 158  56  60 192  34  92  88  78  24 194  34 146  93 174  65 185 164  75 114  33  26  81  55 175  90 196 148 
146  26 156  93  30 133 192  34 132 148  20  95 121 176  75 161 159 188 112 120  22 110 148 108 196 115 145 118 132  16  98   8 102  45  58 105  16 162 118 122 136 110 175  15  84  26  68  93  39  58  36 115 133 130 159 159 154  66 170  24  117  90 133 133   8 188 117 118 130  92  27  38  10  20  95  91 140 184 108 142  86 
124 115 172  49 148 134 106   9  70  64 118   4 150  57  50  75  14 150 150 126  12 174 158 124  78  96 196  93  22 133  46 123 155 134  85 142  87 182  68  14 152 144  87 135 170  21 172 126 148 175  26 188  44 178   9  24  60  64 196  24 117  26  49  86 171  64  15  45 183 166  49 110 187 182 110 115 145 196  44 130 133 
  8  14  49 100  28  74 124 186  15  39  89 171 180  57 152  82 168  117  98 196 104  62 192  93  91 123 183   6 145 121 141 132  24 178  33  10  39  54 169  72  50 105  26  90 125  88  95  28  68 183  63 104  32  63 172  65  86  27  90 161 117 166  96 106 152  16 106  22 162  68 176 161 178 159  36 165  91 182 196  99  36 
 40 134  68  16 115 158 183  75 196 148 147 195  36 192  82  49  28 141  81   8  48  69 145  58  63  40 130  35  32  18  88  98  52 172  42 122  63 104 153  88 170 123   9 190  16  38 152  99  40 117  16 190  74  63  32  45  60  34  65  10  40  95 171 133 104  57  10  44  99  63  69  94 134 141  60 119 124  90  15 178 136 
165 128   4 155 175  48 158 180 140  16  57 123 146 175 184  82  36 188 147  56   6  38  48 128  60  15  69 122  21 128  69 104  25  22  30 129 186  14 198 145 196  45  46 171  30 186 142 114  51 145   9 132 133 172  75 118 176  80  44  54  75 108  65 119  34  55 111 153 142 196 171 192  78  84 152 150  68   6  58 130  27 
172 184 108 104  84  50  117 192 123  44  69 159 115 37 148 114  69  66  24 156 146  22 140 196 198 136 143  88 111 174 115 106  91  15 153 182 144 184 133 104 178 118 182  75  55  10  18 129 175 143 132  18  34 106  22 106  52  24  16 174 187 153  50 183  40 136 156  32 188  94 129 156  82 114  36 198  24  35 141  70 133 
194  87  99  48  84 189  16 126 136  48 185 164  86  96 156 170  16  70 117  42  35 142  57 106  72 122  69 161 161  46  22 164  50  93  42  49  15  84 198  87 165  46   6  40 135 162 117 189 141 123 145  16 118 123  42 161  14  93  36 124  75  92  30  20 198 130  70 198   4 159  42 168 180 125 168 188 121  49  33  50 170 
 99 106  20  65 147 115  64 135  46 130  78 183  88 192  42 106  44  56 136  66 117 153  52  58 132 133  52  50  55 153 108  62  54  54  63 182  16 159 116  91  40  66 123  75 146 153 156  57  49 172  85  60  32 117  56 118 156 102   9  33 140 187  93  96 111  50 192   4 118 160 189 156 196  25 143  48 116 160  78  15  46 
 63 133 194 168 195 183  24 110  68 190 136 105  33  70 190  88  90 192  16  76  50 129  76 152  85  26   4 159 185 126  26 198  70 148 153  58 140 112 116 186 192 123  35 187  84 187  117 133 143 111  39 182 120 187  81  65  82  25 165  60  95  15  25  42 183 189  45  46 154 187 102 184  44 111 195  45  82  54 171 142 165 
 74 186 198 176 123 182 116 117  24  87  70  82  7 128  75  42 128  28  58 124 176 102  49  14 176 189  51 118  48 134  24 110 180 184 172 180  49  52  42 121  64  51  42 100  88  16 189 111  117 134  64 182 140 150  28   4 117  84   4  10 152   6  25  16 128  99 123 124 159 158  52 122  60  93 148  95  82 145  58 160 174 
 33  45 159  26  70 175  70 144  21 114  99 192 166  34  36 162 152 117 112 187 160 114 106  72  50 140 140 166  117  42  46 142  52  50 122 174  10  76 128 129 186  38  52  88   9  58  15 108 106  32 148  91  117  95 125 190  28  69 126  39 145  70 140  40 171 174 104 117  54  36 138  57 111  87  74  60  76 133  26  99  66 
 44  72  90 160 143 192 161 128 195 126  65 148 184 183 141 147 185  24 118 136  93  16 184  26 132 188  90  95   6 147   4 146  94  75 170  92 175  30 169  30  40 108 123 150  48 190 152  80 153 195  99   6 116 169 128 134 169 108  35  46 108 195  12  15  20 168  94 130  75  12  76 147  16  38  62  36  54 169 125 144 198 
114  39  40 136  55  117 148 105  40  81  60 160  55   4 180 166 142  45 168  98  22  28  45 100 104 164  49  57 189 144  86  49 184 152 112 195 147 175  56  81 175 110 117 165 118  10 133 126  85  87  117 130 148  18 138 140 175 165 162 153 119  93  62 136 133 166  68  48  18  21 147  57 164  46 133  88 180  27  65 174 195 
129  85  21   8 102 189  52 129  86  81  26  117 178 162  15  58  34  30  35 190 175  90 190 135 112 126 166 115 160  91 114  98  63 187  52 175  87  58  28   8 175 158 129 154  34  82  48  42  38 125  46 195  25  28  24  50 159  44 198  38 148 148  27 123  96  46 129 187  57 162  45  15 158  28  27  16  85 122 165 192  60 
169  25  38 159 111  40 186 183 172 102  22  38 154  21  60  42 185 174 117  32 156  99  60  40   6  92  15  12  78  64  54 186 165 196  42 186  38  78  38  60 174  117  66  94  30  99  35 164 178  75  57  88  27  94  117  58 155 145  54 186 140 192 184 119  91  80 164 192  44 145 147  48 133  12  91 158 159 126 143  74 146 
 94 117 155 161 194 146  18 122  45  69 144 189 148  34 166 159  72 166  54  93 145 185 121 123  38 146   8 121 172 158 119 140 123 171 105 111  99 165  52 140  36 120  26  64 122   4 134 140  68  84  94  15  84  50  42 148  99 118 140 129 141  27  35  86 165 161   8 146 110   6  40 138 196 117  95  84  74  78 104 175  85 
116  28  70 156 190  96 185 180 111 143  96  86  32 169 129 133  26  54 194 134  12 194 153  72  74 143  34 152 195   6   6 130  99 159 114  21  64  21 169 110 156 124 132 154 144 180  48 112  72 105  55  28 140 136  72  26 126 104  84  75 188  28 120 189  36  27  82  15  32  12  90 135 138  75 143  60  30 153  12  25 188 
 51 143  72 126  96 162  14 115  56 111 129   6  21 187 194 135 182  117  93 180  91 192  94  26  76 130 146  91 162 145 175 155 141 115 140  70  26  44  54 134  44  76  88 138  54  64 111  65  84  85 171  76  78  90  20  49 116  42 140 194  74  28 198 154  20  48 102  26  78  65 165 125  60 189 117 144 165 146 117  87  34 
 21 118 162 143 136  39 168  74 146  20  72 145  21 114 180 185  35 158 172  63 130  91  27  68 196  78 129 130 165 184 174 194  82  80  70 122 185 153 172  16  91 185  92 189 138 182 117 128 174  35 132  22  91 145 147 155 132  74 187   4  86  52 111 189  36 130   8  85  85 171  94  24  52  25 174 121 154  16 106 171 110 
172  86 180  96 156 176 183 165  14 175 152  69 195 172 126  14  95  75 155 183  93   9 170 128 152  48 132  65  56  46  82 190 136  20 153  117  12 111 171 159 133  16 161  69  64  69  55 184  68 188 140   9 195  51   6  94 171  33  69  15 122  40  62  65  10  50 165 169 114 189  10 120 183 111  64  45  51  30 135 145 124 
111  16 150 174  80  87 108  70  94  12 124 185 194 116  39 172  39  26  94 138 136 169  92  40  84 124  46  84 140  34  32 170  16  33 128 102  84  82 185 180  94 183 146  45  20 133  49  76  33 180 114  57 184  93 155  21   8 121  24 141  40 105 169  24 111 114 146  88  22 159 188 112  87 175  55  28  85  34 171 110  44 
  6 152  33  86  15  66 154  30  14  27 155 121 124 185 117 120  48  62 116 116  26   6 104 152 162 171  96 189  24  69 130  21 138   9 140 147 122 119  91 185 143 115 145 189 175  62  14  65  65 198 174 153 136 180  39 119 111   9  88  15 187  40 119 170 154 161  46  117 176 194  99 156 129  16 147  22 130 110  88  27  50 
 44  33 182 152 112 114  48  94   4  24 126  117 161 119 194 125 115 165  18  21 169 184 110 119 119  68 120 144  74 114 154 117 146  56  80 192 143 187  65 117  76  60 108  10  90  14 153  54 176 120  52  55 180  40  56  20 186 172 172  65 106  49 162  88  70  76  99 196  69 112 185 172 169  85 183 142 104  90  18 198 153 
 81 117  21 170 124  66 147 121 125  85 118  86  56  65  22 153  69 121 189 117  51  117  21 192  75 142  15   8 106 146 105  32  32  27  64 169  78  40  40   6  32 159  93  74 110 187  39  30  75  38 158  57  32  30  65  82  49  69 117 182  84   6  96 165  44  93 133  80 169  58 126  30 189 129 153  90  96 160  15 128 114 
 30  20  64 153  88 187 123  48 121 174  42 120  98  49 108 100  87   4 130  62 198 170  44  82 165  34 166  22  62  39 108 172  78   6  52 184 195 108 116  52  75  80 198 186 110 159 184  33 145 144 118 114   4 155  16 133 168  34 135  45  68  58 106  12 168  57  94 155 133 153 174  48 110   6  39 171 153  84 102 145  86 
188 117 133 169  20  72 185 175 122 154  14 126  48 108  78 124 116 108 148 128 155  69 176  57  14 129 156 111 118  30 129  96  10  56  36 148 125  50 155  50 150  63 146  81 150  62  81   4  55  28  46 132  39  81 135  25 172  75  16  56  34  74  70 148  25 174 156  33 186  50 145  78 165  91  117 102 117 120  49  117  12 
  8  26  30  55 158 118 175 126 164  16  40 106 133  10 141 138  55 110 170 152  42  85  30 110  33  85  33  14 190  26  25  33 164 159   8  52  33 142 122  54 104  12  30 134 186 114 110 156 133  46  56  25 134 136 192 183 195  94  49  50 117  25 120  92 147  10 147 189  74  21 189 166 192 111 146 156  49 124 180 170 135 
176  84 165  70 194  46 148  44 188  62  76 141  74 161 187 184 123 175  38 172 164  62 116 161  50 123 155 143  63  28  81 145 123  33  91 132 186 117 147 108  93  32 194 141 195 174  80 156 155 111 190 196 171 182  81  42 135  39  14  66  48 124 189 192  85 111  81  52  96 117 187  46  10 190  15   4 164   9 196  24 142 
134 105  51 174 186 122  21  62 161 147 153  45 133 143 112 154  80   4 135  85 156  20 128 118  16  85  72   8  27 183 102  92 124 166 124  46  52  91 161 170  51  32 143 168  57  22  69 124 166 148  70  80 166  93   6 162 133 132  52 116 112  63 188 136 155  49  84   8 142 117  57 140 115  65 129 150 123  28 123  70  87 
136  99 154  56 165 153   9  27 123  12  117  34  80  93 150  24 134  91 148  52 184  98  25 153 140 188  65 158  75  117 169  91 198  15  15 159  42 148 125 159 141 196 194 133 128 154 112 118 143 106  68  91 138 117 115 184 185  80 185  32  24  84  10  72  22 195 133  96  88 187  69  64 186  84  82  76 172  16 128  91 138 
 75 121  84 188 189  117 150 152 145  54  10 128  86   9 110 183 135 119  30  95 164 136 117 100 180 182  84   6 118  78 164  54  68 159 140   8 174 178 195   6 106 114  66  54  63  117  14  68  86  42 112 134 158 130  70  95  40  57 122  85  16  78  87  95 117  18  75  12 130 117 124  93 172  62  58 142  51   8  82  35  96 
153  20  94 114  88  88  24  50 182  49  88 178 192  40 112 194  33 165 195  66 138  49 194  66 196 129  92 122  32  63  14  48 134  14  44 102   4  45  82 170 102   9  84 124 172  42  35 196  14 143 115 141  78  64 192  80   6 182 172 134 170  46  74 142  21  24 190 115 135 144   9  64  44  26 117  91 186  117 186 158 141 
196 141 117 112   6  26 126   8  14 125  49  96 183 126  70  81  88 140 142 175 110 156  33 188 136 158  86  92 155  30  66  30  39  44 196  74  91  66 104 112  38 112 112 182 114 183  80 198  40  10 122  88  86  57  74 175  60 165  24  92  75  26   8 102  24 164  75 175 129 168 146 159 194  96  84  72  99 148  30  74  16 
105  56 140  91  80 146 194 162  72  98  38  38 190 185 154 196  57  78  12  18  93  57  58 114 186  32 126  93 146  76 180 156  39  20 174 136  84 185 121 188  76 128 164  98 129 186 192 196  36 125 176 189  49  18   4  87 118 188  16 145 125 155  94 188 112  68  56  56 168  34  66  38 106  86  90  72  15  80 111 147 143 
 24   4 168 169 174  62  25 138 118  16  48  32  44 178  82 134  98   6 164 123 192  18 106 160 161  50 102 125 189  85  49  85 111 128 138  63  69 175 106 130 116  58 172 117  25  98 143  49  58  65 166  20 133 189  72  66 133 122 133 184 160 168 111 169 168 105  33 100 143  10  45 174 152  35   6 150   8  27 162  66  26 
 25  72  64 164 108 133  26 171 176 147 146  26 169  18  18  80 140 112  42 170 111 102 189 192  65  30  48 124  64  18  64  91 135  35  80   8 133 138  76 135 129  14 128  46  36  86 128 104 123 154  14  44 184 132  18  32  94 141 117 126 129 180  28  86 145  16 124  36  80  27  69 100 133  36 180 147  27  65  62  96 180 
 72 124  64 169 189 105   9  51  69 145 117 186  39 140 150 132  93   9  98  76 117 176  87 120 140 144 188  39 195 141  12 125  92  52  93  66  58 170  35 168 110 159 118 110 164  117 110 160 121 162 129 189  12  10 196 136 169 185 188 135 153  69  63   6 156  20 161 168   8 125 144 182 178 106  48   6 118 136 105 104  33 
152 198 189 159 169 164 114 187 142  90 122  10  72  69  91 186  63 168 168 123 168 143 104 124 121  93  96 144 112 175 153  65 122   4  48 117  25  20 159 129  57  58 154  84 110  48  40 108 138 143  70 198 145  91  60  24 120 156 185 136 104 136  50 106 174  90 148 147  15  66  55 120 129 153 119  42 175 160 176 188 171 
162  35 172  51 126 115  92  72 128  75 158  93  57  94  34 161  16 132 118  20 124  80  62 133  95 123 115  22  22  78 117  92 164 102  78  54 178  15  60 188  85  54 184 152 134  117  28  24  33 150  39  33  51 180 123  96 156  84  27   9 112 129 189 175  56 114   8 116  94  39 125 176  14  76  38  81  40  78 141  15 172 
156 183 118  98 106 164  64  70 196  86 174 150  20  64  28 158  94 125 150 128 195 184  72  45 147 122 111  28 116  66  16  80 129  72 171 133 160 186  72  96  57  38 145  32  82  63 188  92 117 114  21  65 122  22  65 192  88 169  90 105 104  91  93 108 108 143  96 148 147 134 194 187  85  84  80  90 133  40 110  44  92 
112  78 160 104   4  10 118 183  74  42 195 132 198  15  66 170   8  94 135  63 129 188 105 140  27 176 146 100  15  65 152 166 166  68  94  25 170 166  95 110  18 108 138  45 140 154  86 187 133  14 125   8 175 117  91 125  40  80  54 154 110 152 165  84  48 159 180  87 146  75 171  76  80  14  55  96  35 116  63 180 134 
172  74 133  94  10  35  35 165 122 146 189 121 123  48 141 172 125  91  84 166 156  20 161  35 138  84 105  80  10  66 142  69  72 111 160  51 165 112 133 187 160  15 169  74 190  27  72  68 115 146 198  78  21 132  12  24 188 143  25 147 198 171  12 186 124  74 186  44  32 162  84 114  117  27 119 189  87  30  44 170 171 
 54  12  57  28 172  32  69  87 178  64  88  93 106  28  45  81 198 164 165 170 154 183  22 162  117   8 171 166  49  62  117  68 141  60 126 188 123  81 174 146 152 138 165  32  50 138  85 171  80 145 111  36 105  27  58 172 183   8  72 185  98 111 147 164   4  117 110  69  42 150  91 102 166  15  16  96  51  117  92  82 119 
112  45  91  72 124 154 170 158 165 175  64  93 119 117 105  78 124  78 112  16 189  44  92  30 187  46 130 170 117  32 146 176  48 148  91 188  36  98 122  15 185  35 154 125  21 141  98 143 125 168 115  62  10 196  49 124  27  26 117  85 134  12  24 159 108 158  82  117  35 116 108 178  80  40 104  18   4  21  63 156 178 
140  14  85  14 126 160 105 178  51 169  95 125  16 143 185  81  76  30  91  76 166 120 140 196  32 145 158  86 105 143 186 130 132 158 161  88 126 124 125 161  39  18 195  10 183  16  70  72 104 111 115 134   6 111  56 141 142 198  28  80   8  98 121 124 130 118 188 153  84  76  65  63 189 134  66 172 172 174 142  60  20 
 57 110 148 190 122  63 158 154 119 112  81 190 135 111 152  93 142  40  48 188 122  60  12  92 124 180 132 145  68  76  62 178 196 114 159 182  36 106 122 176  52  30  86 102   8  35  51 166  60  96  10  36  78  93  99 189  46  84 160 156 170 158 185 168 102  78 184 141 187 162 189 188 117 161  27 133 171 123 174 174 105 
 87 187 140 111  44  35 152  46  15  24  80 174 155  21  33   9 144  74  86  86 114  81 118  63 175 122 134 135 187  90  86 156 135 134 165  88 105 182  92  69 171 196 150 188 136   6  86 171  85 110 136  20 171  30 171  24  15  26 100 183  64 152 168 184 124  15 146 146 171 189 150  117  66 185 146 195 129  52 158  91 156 
105  18 148  95  98 128  93 162 192  75 154 168 162   4  55  44  16 102  95 190  93  88  93 174  91 166  20 154 120 110 190 115 105 166 170 119   4  36  44 194 161  20 156 111 178 156 121 190  21   4  32 174 171 121  98  32  10  60  50  50 112 183  99  50  94 116 155 184 136  24 143 105   4  15  87  60  14 125 121  62 158 
 117 125  64  84  28  42  91 171  46  92   9 132 180 186 117  68 135  90 144  36 141  56  40  54  72  99  12 106  48  32 129  49 128 162 172  90 105  90 112 190  38  21 171 118 102 108  91 142 112 125  52 180  39  38 178   8 170 188 198 175 182  95 121 142  48  92 114 195   8 106 117  15 164  52 166  46  63 143 161 112   4 
 85 153  26 145 135 198  96 160  54  26  10  66 123 132 130  76  16  42 159  48  24  65  46 132  42  20  34  35  98  66  49  35  90 122  44 171  52  40 136 133  26  34 112 146 117  45 135  94  35 171  46 134  50   9  16  52  42  24  12  40 174  95  50 121  46 169 194  92 183 187 196 188 145 148 156 106 108 115 144 154 117 
 21 188 104 158  57 106 194 165  26  91  87  25  36 155  96 120  34 110 194  92  38 185  55 162  64  26  45  57 138  60  51 117  72  36  55   9 165  72  93  44 133  58 126 142  72 166 187   6  81 117 143 130 198  54  95  95  45  12  38  85  58  45 122 134  36 183  33  28  21 175 172 124 123 130  60  40  72  74  30 142 144 
171 115   4  69 161   6 106   9  98 192  39  57  81  21 198  50 142 189  57  10  63  40  16  69  24  33 161   6 161 175 172  58  75 117 117 170 108 115 198  74 155  69 195  58 180  86 188  44 130 192  78 111  96 123 162 108  52 110  35 148  49 141  58 184 115 125  45  88  90 112 125  14 172  99 102 132  40  74   4  84  65 
 81   8 123   4 136 144 169 166 129 194  38  69  74  51 118 108  69  94  98 112  80 198 135 168  48 105 182 136 155 143  12 154  98  42 146  18  87  63 178  99 121 115  58  44  63 158  51 150 128  88  36 122 160 172 148 148 114  22 112  86 188  22 159  10  45  96  78 190 178  28  45  95  40  22 124 136  68 121 174 196  72 
180 138  22 158  36  68 121  44 171  30 189 166 115  28 148  66 123  60 152 148  91 144 118  65 171  52 147 178 161   9 125 122 158  76  68  42 168   8 161  99 182 122 174 114  90  84  20 111 124  94  96 122  76 134 120  28  74  50 144  93  24 124  75  24  21  18  91  98 196  94  18  12 171 194  60  98 184 185 142  40  12 
 74  74 176 182  76  36 156  16  98 132  24 106  42  50  24 143  49 134 178 162  76 182  88  24 192  95 102 124 144 165  51  95 188  92 154 190 116  62  27  69 152 117  62 128  58  27 117 169  14 126 160 108 106 117  64 147 116  16 180 142  18 111 196 198 115 147 132 138  38  84  95 169 172 125  26  60  25  49  60  76 172 
160  91 189 100 136 134 132 174   8 136  21 132 150  24 106  87 100 119 142  78  95  96 175  54 122  57  99  12 114  56  34 130 118 135 160 170  46 148  98 186  18  54  62 145  63 182 112  10  69 192 195 161 198  95  74  35 162  18 106  64 176  55 190  86  20 159  35 117  86  64  28  69 125 143  69 192 135  69  45 165 165 
169  75 190  84  55  58  39  95  30  55 100  54  39  95 135  27 171 135  85 159 120  56  78  21 123 108 135  36  74  63  68 126  117   8 175 174  63  55 176  49 172  51 150 124  10 183  70 140 182  25 148 133  30  16 130 144 156  57 159 155 122 175 182 128  33 114  78 123 130  64 195 141 161  72  24 100  30  82 183  68  62 
192  62  18 175  35 168 155 158  94  52  92 195  91  32  55  80 120 152  87  20  74  85  88 106  92 124 168  99  35  20 195  94  21 124 136  40  32 114 111 155 119 187  10  20 170  94 136  72  56 164 132  18 132  65 184  10 121   4 132 145 126  56  66 169  35 180  75  63 174 171  76  92 169  30 100  117  78 194  30 108  93 
175 158  98  65  22 132 117 135  65 169  15 111 128 175  78  10  49  54 195 180  85  52  66  74 132  90  66  36 194 185  45  66  22  32  48  51  30  96  25 126  49  74  95 186 144 111  51 123  35  93 143  46 129 161  68 154  68  65 146 155  14 129 166  94  35 111  84  22 150  35  75  86  40  86 117 134  91  65 183 145 161 
125  91  93 153 133  45 185  34 154  84 165 176  26 187  93 123 153  57 141 134 182 165 186 112 159 105  87  98 140 147  65   9  51 158 129 162 170  74  58  38 194 122  46 159  63 138 138 111  52  94 133 102  48  35  36  87  65  65  96 123 105 194 100 144 159 174 161  22 140 165  85 144 141 192 112 117   8  93 194  117 118 
 26 130  72 186 192 159 166 147 136  69 130 176 198 119  12 133 184  74 168 172  57  33  32  69 183 119 140  80 170  70  55 161  14  34 126 117 166 141  42 148 105 141 182  32  81  95 121  55  78 143 122  96  49 176  63 189   6  45  39 148   9  68  57 114  72 100  15  20 168 158 185 117 189  94  69  84  80   4 155 108   9 
 63 108 168 118 158  81  63 174  80 171 171 190  85 128 158  70  34 180  75  45  44 136  58  14  50  69  87 144  69  65  56  87   9 176 172  64 108 142  88  60 164  74 142 125  91  72 130 135  69  33 185  44 176 182 188 117  46 128 146  64 148 115 188  39 182  28 144  96  58 102 106 185 104 146  21 174 159 135  26  40 150 
130 175 105  48 108 110 155  78 150 106 152 161 125 170 180  18  49 134 198 166  45 178  54 110 106  38 105 176 132 169  26 156 170  50   9  84 174 184 154 155  56 175 175 111  42 178 192 172  78  12 185  27 106 102 159  21  76 125  10  91   9 188  72 140 164 152  32 134  87 156  21  94  80 132 117  34  80 125 125  25  92 
186  40  81  51  78  18 194  69  30 115 142   8 145  57 155  40  86 123  25  60 144 185 119  38  54 190  26  35 182  88  26 185 140  55  18 159  20  10  88  51  88 198  38 119 115   9  56  25 114  98   9 136  25  35  94  38  46 184  96  76 176 119 124 147 126  90 143 129 184 130  30 117  32  39 188  74  74 129 165  81  22 
 46  90 160 190  62 144  21 112  86  39  64 104  88 160  88 135  49 196 117  45 128  25 144 182  45  76 117  44  25  27 169  74 164 102  69  26  52  15  74  72 162 116 152 146 148 124 134 162  21 152 106  63 194  10 105 124  60 117  93 141 117   4  72 123  86  52  63 142  50 190 136 187 196 121 170 106 115  64 146   9  49 
156  63   9 170 114 188 194  82  22 126 155  26  39 118 195  26 123 112 194  96 168 112 128  52 102 141 117  82 187  22  22 134  28 102  98  33   4 178  40  34 142  39 192 159 141  78  34 123  35 108  72 108  54 162  60 147  22 152  94 166  58  90 156 176 147 186 165 153  32 161  75  24 164  92 148  24  92  66  68  35 148 
 84  98  32  68  66  87  10 182  33 146 135 117 174  82 105  44 118 122  94  22 117 148 145  25 138 198  54  93  14  58  69  82  70  82 175 105 114  62  63  49 164  32  69  64   9   8  98 105 138  84  50  60 171 168 186 129 164 161 122  81 186  25 166  82 187  48 117 126 140  76 116 154 144  32 161  91 145   8  20 138  14 
115  20 180  24  69 108  85 117  34  51 174 146 172 115 117 116  117 112 140  90   9  69   9 190  26  66  63 187 155 136 170  40 120 153 184 138  15 117   8 126  92  20 104 117  36 108 136  99  99  36  22  58 170  58  46 165  39 122  15  62 182 123  51  80 165  35  52 116  32  60  66 147 172  65  38  46 155  27  25  63  57 
185  66 192 159 166  84  12 144  68  117  52  56 145  22 117  98  84  76  69 172 172 138  117  48  78 117 119   8 159 100 120 134 118  87 189 140  74  84 102 198 129 187 189  70 115 134  78 145 170  60  28   8  87 120  15  95  86  68  14 185  55  49  117 135 141  21 136 162 128  58  40  44  34 104  82 174  51  81 178  25  16 
 12  39 145 134  16  78 146 166  92 144 143  68 171 104  21 130 128  80  36  32 102  90  93 196   8 125 190  27  18  70  72  95  48  38  28  72  81 134 119  52 102  93 192  88 169 194 176 112  35 194 196  34 145 198 135  36 118 162 156 176 120   6  95  93 170 140 147  94  28  55  78 160  62 144 146  34   6 150  44  22 138 
135 129 141 178 192  58  84 196 100 129 110 128  56  57  20  85  69  81 110  74  42 138  55 160 144 188 174  98 142 148  80  87   8  85 114 158 196   8 189 138 168  58  40 158  82  117  99  69  64  15  85  33 172 133 155  20 188 100  27  52  24  76 185 122 121 143 112  46   8 160 140   9 124 180  30 159 138  85 117  35 112 
130 171 190   8  12 116  99  21  15  26 117   9  88  86  10 166  91 188  30  82 117  10 128 155 104  60 120 106 153 162 153  54  78 121 195  18 183 125 171  86 164 169 104 172 147 169  51 188 130  84  66 114 184  60 116  60 168  69  39  10  48 128  25  36  16 152 176 123 150 161  72  69 116  90 147 136 180 198 110 135 184 
105  87  94  15 175 120  84 104 105  20 112 165 168 161  28  99 140  20  57 102  21 196 189  62 198  57  68  93  85 156 100 138 175 118  51  32  25  92  50 117 176  85 130 136  68  60  57  26  42 133  78  69 108  72  91 117 176  20  91  56 140 123  24  39  21  63 130 176 145 152 153 147  56 176  25  85  92 166   8 122  12 
158  96 148  21 159  32 171 120 155  99 125 158 118 128 171  82 145  60 188 129  99 120  69  92  70  76  35 117  50 138 122 192 108  24 100  46 166  95  92  22  76  33 153  68  96  72 153 159 135  60 110 106 146 184 141  99 108  99  18 161 135 120  48  98  82  90 140  33   4  81  39  94  85  39 174  51 121  88  68  49 155 
155 143 135   8 194  27 100 145 153 160 171 189  22 142 110  81  68 172  94 124  60  28 165 142 105  58 171  21 110 174   8 140  95 135  117  48 129 104 102 198 186  93  28  35  28  75 150  66  12  52 116 168  90  93  93 153 186  38 162  20  117  57 133 190 141  64 114  69  58 125 138 115 172 196 122 138 147  86 128 108   9 
108  78 117 150  78  40  117 104  99  94 153 168  57  51 116 194 102  40  14 105 192 186 186  25 140  75  48 121 145  38 175 164 164  65  86 165  51  96 124  42  80 158  27 158   4  35  45  85 141 126 180 182  66 183   6  39 195  51 194 165  21  51 120 111 133  80  62 140 195 156   8 160 153 133 171  36  62  68 150 145 143 
 28 198 150  64 133 162 108 130 142  27 178 117  33 176 154   6  56 178 145 143 172 115 104 165  78 133  82  56  24  36 130 185 159  84  63 178  94  93  49 140 171 115 104 161  14 175 171  70 166  15  30  10  80 105  76  64  52  96  96 192  18 115 116  34 169 114 156 182  95 171 140  95 116 148  81  42 141 122 187  86  14 
 65 160  33 148  51  26 128 132  15 100 104  55 132  68 124 147  40 116  87  91  22 195  60 189  62  70  72  36  96   8  45  30  48  50 152 118 168 118 192  64  24  38  36  60 150  25  95  65  54 192 183  12  84  38 153  87 172 152 162 110  16  52  18  90  91 150 117  45 147  117  70  38  24  65 104  96 138 161 129  95  51 
 22 195  48 185  60 148  38  21 112  20 133 152  91 119  98  49 129  21 194  86  86 166 129 110  93  95  16  66  50 106  57  34  57 111 155 121  38 147  20 125  22 165  72 119 155  87  88  87 132  32  56  27  91 190 170  44 172 105  69 136  12 172 195 166 182 138 155 162  64   9  72 165 129  14 105 130 118 105 153  39 195 
 32 156  76  26  52  86  64  48  72  44  46 178 106  76 159  44  50  56  28 116 156  93 148 165 135 120  34  98 138  36  36 102  69  56 152  99  21  80 108 164 116 186  21  68  95 134  66 165  56 136 121  50  58 110  48 170  38 192  99 176  49 166   9  28 104  40  96 160 111 105 161  46 119 158  28  30  45  51 119 140 153 
 75  44  86  54  56  75  58 153  20  82  48 108  21  35  88 150 128  74 140  70  99 117 141  40 108 102  21  69  38  20  90 123 141  20  72 180  46  33  90 185 138 176  27 158 115  82 134 194  26  35  21  66 119  57 116  52  57 117 141 133  21  81  26 198  82  70 171  33 162 184 195  24  32 116  96  21  84 159   9 129  87 
 50 130 196  88  90 188  65  76  78  57 141 104 166  74 152 128  34  15 124  65 178  88 106 161 188  36 152 182  63  98  30 158  87  55 172 194 124 164  62  64 152  45 156  22  42 145  96 153 168  12 136 178  99 143 130 118  39 136 150 130  69 106 145  44 189 146 122  24 110  90  14 194  56 146  49 196  85  76  36 138 104 
