82 90
147  38  27 122  84  52  88  96 180  10  52 104 110 145  28  25  193 106  40  80  38 196  82 196  26 189 196  77 190  15  30 178 187  54  14 155   6  18  56 164 105 106 102 142 155  90  66 114 111  86 106 194  96 112  40  12 104  64 117 126  65 188  70  44  80  27 138  95  58  49  72  33 187 198  48 118 147 169  48  90 175  56 132  62  28  21 130 136 184 164 
147 159 141 178  81  58  24  65  46 170 110  75  14 171 175 189  33  42  91 143 136  15  57 133 144  87 156  56  27  15 140 174 166  82  14  32 142 141  98  82 190  42  39  14  30  76 144  46  65  30 184 165  98 161 132 104  69 114 186 195  25  26 124  28  75 189 174  26 192  63 145  86  68  88  93 180  24 194 174 159 150 190 122   6  84  28   9 159  86 195 
 91 134 132  74 186  64  69 198 111 112 160  80 133 111  57  76  88 147 177 146  20 145  12 180  27 178  10  81  68   9 142  75  50  65  32  94 119 148  60 182  95  21 100 136  96  38  14  70 116  51  52 116 129 102  63 147  84  64 154 128  36 166  20  28  22 159   4 194 150  50 154 169  51  95 105  90 102 186  91 138 143 175  78 159 150  22 140  87 138 140 
148 133 194 132 123  63 119 195 188 170  15  51 141  10  10 146 110 154  87 145 126  56  30  28 133  92  12 144 114  90 165 161 190 192  35  12 150  34 195 169 153 194 188   6  92 189 182 195  39 180  77 118 105 159  21 124 112  44  74  24 135  90 106  49  75 188 162  18 146 147  33 112  88  76  56  92 105  66 189 159 146 159 117  24  48 171 154  70 146 108 
177  72  33  62 160  55 118 133  95  82 130   8 162 174  70 193 180 193  82  45 102 177 153 110 146  54  46 106  82 129  24 184  32 112  30  56 105  14 185  49 146 118  36 186 171 195 119  56  18  49  82 144  66 159 133  45 102  69  39   6 100 185  57 170 124 106 144  48 174  20 132 132 129 156 150  80 114  38  94  30  65  62  42 192  45 140  81  12  45  57 
 76 153  38 129  34  65  74 154 158 119  80 114 198  35 186 130 193  60 105 155  18 176  18  21  36  58 160 194 144 110  45  21 138 188  63  91 185  49  91 122 164 120 170 108  28  12 185  25 161  51  46  81 111  91  54 161  92  48 194  10 194 160  66 192 182  65 115 169  10 168 170 172 148 156 198  52  63   4 115 183 185  44  56  39  34 117  14  70  81  94 
138 102  88 120  55 135 178  99 169 169 123  44 129 114 116  72  22  62  15 104  33 100 171 182 106  95  12  78  34 106  72  26  94 176  15  58  12 114  39  58 120  36  39  34 175  62 184 140  92  33 135 153  57 140 153 110 100 170 123  75 110  30 146 136 142  96  85 198  40  26  80 153  12  74  74 123 176 150 100 124 184  54  85  44  72 117 182  46 182 159 
 86 136  75  39 198  72 117 177 154   8  63 178 114  28 140  76  70 180  38 168 129 158  21 198  96 136 116  75 161  84 152 133  74 177   6  98  22 155  91 106  76 159 165 105  62  35 184  64 166 172 102  81 110 164  44  12  45  10  40 124 125  39  84  51 147  54 136  24   6   8 186 133 150  46  36  87 196 130 114  30 108 142   9 168 112  88 188 132 143  18 
118 184  64 132  96 117  85 155  78 195 125  65  78 134  64  84  90   6  62 142 128  20 186 195  90  30  30  38 108 184 156 171  98 118  50  66   8  45  27 154 148  16 144 128 159 178 194  70 144 182  21 141 171 187  40 171 184 122  91 160 178  90 164 141 153  78  86 129   6 126  74 188 142  30 143  92 194 195  90 159  99  80 116  93 130 156  65 120  58  54 
196 155 158  93 148  26 136 115 100 138 171   4  24 160 128 106 142 117 146 118  91  70  14  98 160  63  98  72  15 175 195  51 160  72  76  70  52 177 123  32  49  66  39 198 150  66  44 196  21 122  84  63 126  88  54  14 178  65  66 171 122 155  26  72  15 134  56 188 110  82 148  57  38 145  52  22  26 189 146   6 164  92 150   9 140 171  68 111  82 110 
 21 158 189 132 164  18   9  77 158  86 112  54 141  56 153 117 162  48 143  98 130 183  86 146 118  27  62  14 128 194  70  26 164 147 114 145 144 129 133  38 102  84 183 169 170 146 140  24 148  78 108 184 110  35  20 189  10 172 135 122  55 111 194 120 112 120 140  78 100 132 115 132  96  95 119 138 128  66 152  25  22   9 172  34  26 138 125  60 125 178 
 54  30  36 154  64  18 125 185 158  15 111  34 152  72  76 182 141 106 188  65 129  56  49   6 152  91 147 118 164  10  87 192  46 184  20 147 148 188 142  40 124 123 124 125  69  65 125   8  85  35  44 178  48  98 136  94  14  51  52  64 100  56 143 111   4  51  32  25  36 153  98 188  92  48  46  72 198 192  80  15 168 175  25 174 125 128  35  16 195   6 
 68 128 110 150   9 194  33  35 182  96  24 156  48 180  44 169 183 175  87  39  28 112 192 153  48 100  69  90  75 122   6  98  28 111 198 108  32  38 106   8  65  56  92 154  42  18 114 125  78 196   6  35  28 175 169 150  33  96 114 153 174  65  42  25 156  18  85  81 143  96 162 133 148 146 134 150 160  39 116 141  52   4 153 129 104 159 162 106 176 178 
 62 106 100  68   4  85 134 120 195 143  90  74  12  93 132  81  60 150 133 125  57 117  21  63  65 160 118  24  65  58 140  65  95 154  39  34 143  32  91  30  44 162 106 122 195 122 189  74 174 129  38  58 112   9  77  38 171 106  76  14 142 119 128  82 105 187  55 145 112 164  26  68 166  20  57 154  46  77 138  58 166  42   4 160 172 115 153  91 126  52 
 56 187  98 110 141  72 148 141  14 128 165  60  63 130 119   6 117  27  96  28 136  52 162  26  68  77 135 128 188  39 133  20 111 105  63  58  98 168  44 135  75 130 130  32  74   4 177  65 128  22 111   6 150 122  46  74  93  35  82 153 186  66 146  38 198  62  77 170 182 192 170 176 198  93  84 142 165 169  70 102  51  84  78 140  39 171 155  88  34  58 
 14  22 178  91  22  32 189 160 117  62 190 188  68 130  12  42  51 111 165 198  75 138  36   4 187 182  57 116  64  15 122 142  77 140 180 141 116  51 168  52 188 100 124  85  57  45  82 198 194  91 198 166 194  82 195  60  12  20 174  58  27 154 195  42  92  91  62  54  80 162 108 117  27  40 152 178  24 165  21 142 160 170 136  27  94 160  10  56  69 172 
115  49  14 184 104  85 194 152  52 198  99  48  82  84 165  57  75 171 153 180  64 140 128 160  57  76  76 118  91  91 116 180  22  94 118 178 145 164 114 195   8 104  57  56   4 168 188  80 186  32  88 162 152 150 165  72 142  22   6 150 169  72  78 121 138 102 128  26 196  60  65 161  69 194  94  40  94  15 132  62  34 186 132  48  51  77 190 194  80 121 
 93  18  46 135  46 170 156 115 161  81 126 177 187  90  98 133  58 187 178  51  32  32 196 160 130 132  28 125  51  36   4  12  85  81 176 169  46  46 182  58 126 111 164 169 168  30 111 185 160 140  78  82 128  62 100 106 124  57 134 143 196  77 100 141 182  86 174 166 154 123 190  16 190 171 143 195 188 177  60 185 170  88 158 138  22 160 178 182 185 183 
161  99 175 194 161 129  35 120  77 177  20  90  64 141  99 184 114  66   6  91  10  51   9  32  18 119  54 114  10 176  27  98  34 158  82 188 136 111  86 110 172 159 176 196  24  82 171  28 140 145  75  56  33  33  16 145  35 121 116  34  86  45  93  18  45  91 117  57 121  24  77  85 125 117 194 190 194  54  46  95 156 136 144 161  14  74  52  27 118  25 
 34  24 104  99 134  78 165  85  78 196 132 132 141 170 121 162 177 143 148 175  72 129 155 180 171 182  25  81 142 125 146 176 141 176  44 195 175  70 143  91  58   4  27 174 126 104  46  77 192 195 194  70 106  10  84  91 119  44  87 123  66   4 132  55 187 162 160 160  55 112 102  54  12 115 196 140  87 188 161  86  96  32  69 125  90 134  82  85 184 120 
 48 130  78 133 156 124  65  85 110  78 170 118  84 156  87 144  35 177  65  76 124 144  10  34  18  50  36  62  46  46 146  55  12  66 106  21 156 133 122  96 172  57  85 121  74  81  94 187  44 171 171 152 125  58  16 138  77 145  35  10 136 116  78  35  45  75 106 166 154 154  85  80  98 111  82 190  80 134  87  77 118  34 138  74  98  30 138  63 140 145 
112  58 169 129 166  15   4 124 185 159  42 125  86  42 148  49  78  18  21  60 111  99  50 184 150 106  63 133  85 138  90 119 128 120  50 172 128 145  92 195  48   8 116 104   6 183  18  96 160  86  16 178  40 126  74 104 166 128  62 129 110 104  76  58 174 189   4 177 118  56 160 171  51 144 129  90 141  94 194 192  85 150 133 158 134 154 145   6 132  54 
 84  70  10 136 153  70  65 198 153  42  81 196 178 185  60  32 146 102 150 100 178  63  87  26 108  62  87 188 165  57  12 146  64  68 142 114 164 156 136  86  16  21 190 194 123  78  39  40 198  10 180  74  96 100  66  22  66 100  48 164  77 189  85  32  63  56  58 122  21 198 132 171 104 122  55  76   9 189  75 177 141 185 114 115 135   8  49 155  24  10 
 18  39 120  35  87  92 126  10   6 162  18 198  12 164 141 129  86 175 147  30  28 183 188 174 116 155  39   6  16  49  64  35 121 164 112  70 128  15  95 148 110 147 176 152 153  12  40 115 115 152 170 168  74 129  57 117 115  70 133 124   4   8  95 125  80 143 159  76  20 121 198 141  33 134  42  33 185 148 115 145  30 152 184 138  85 138 153  52 186  92 
 57  69 143  92 105  94  45 130  12 136  12 147  36  96 114  32  25 183 125 124 178  26 168 130  35 120 143 128  34  42  35 143 190 190  96  26 138  18 166  85  72  20 180 183 130 108   6 175 126  85 138  81  34 118  15  74  48  20  76  93 100 143  91 123  78  64 133  88 143   6 172  65 184 112 120 172 124 140  24 115 133 134 168 140 182  20 192  68 128 158 
 32  38  85  44  12 172  76 115  95  54 166  54  54 158 108 121  62  24  27 171  26 123  70 194  46  70  72 140 119  24 174 159  92  77 150  68 108  35 142  80  55  40 119  42 108  49  70 122  95  28 161  82 146 192 134 164   6 198 106 141 161  50 122  12  52 116  38 168 110 112  44  49  40  21 166 166  91 143  46  91  22 141 134  28  77  35  96  25  69 133 
164  28  34 119  33  58 153  44  28  84  88 130 158 124  91 198 102  57  82  66 182  32   6 186 188 135 133  57  82 182  15  15 138  95  90  63 162  77 117  35  49 132  26 144 126  93  90 171  68  40 112 140 148 104 158 162 135  15  28  86 145  82 134 119 180 182  28 153 130 190 114  14  70 161  30  98  15  78  91 198  94 136 153   4 155 178  96 132 130  68 
 25 152 102 184 118  33  34  90 128 177 184 121  62 124  40   9  80 188  18  60  40 133 136  98 114  14 114 198 128   6 126  30 142  85  15 104 169   4 115  74 119  98 147  58 147  16 158   4  32 169 122 162 106 195 168 102 196 117 123 115 160 102 189 128   8 172 102  10  70  10 175 175 115  70  34  26  63  98 182  32 155  78 170  78 196  12  48  30  85 188 
 27 135  60  62  36 198 156 172 155  78 128 183 140  55  54   6  15 140  82 147  65  14  25  84 120 147 150 126 174  98 124 155 196 129 152  15  44  91 172 171  25 133 183  70 102  94 128 185 105 155 164  24 196  80  84  39 165 178 140 115   6 100 176 143  93  85  50 128 142 115 140 156 166 111 161 135  57  12  26  76  28  92  98  60 155 145  46  68 184  44 
126 111 186  34 198  55  39  75  99 194 146 100 186  32 130 141  26  77  50 150  16 122 165  45  63  69  18  51 119 105  30 124 138 115 162 182 115   8 141 172 105  33  39  18 105  90  84 122  99 123 188 188  35  12 134  62 148  18  81  27 168 180 133  90 106  38  66  54 144 185  85 136 159  21  93 132  36  72  35 110  14 175 188 144  50 196 115 105  33 171 
198 175 114 119  60  32  65 144 132 121 122   4 143 124  38 182 185  99 140 187 124 152  30  21  32  16 147  93 184 130 117 162 105  38  22 110 129  64  40   6 146  22  88   8 175 129  56 196 161 186 150  20 118  46 155 135  87 129 136 130  78 192 153 125 136  22  96 180  92 119 129 119 168 195 180  69 136  85  92  54 142  88 182 195  50 150 195  46 152  24 
 44  33  72 118 132  77 141 178 194 166  20  62 130  26  84 105  38  10 184 146 128 118  63 172  78  63  24  76 136 104  55  30  14 158  91 172  69 190 170 119 161 189 177 165 168  65 187 116 175  68 132  18 158  74 168 183  27  25 119 188  26 145 164 172   8  45  66  74  76 112  81  87 185 161 138  51  51 153  10  99  32 160  70 177  57  58  34 120 129  76 
144  91 180  81 182  98  55  92 169 188  39  81   6 184  20  54  85  69 105 114 134 165  99  54 182  66 147  74 112  12  76  28  32 175 180  39 172  34 102 160 115  28 150  12  32 153 165  84  76 115  70 184 110 144 155 112  36  56 176  56  54 134 160  40  40 195  45 172  46  95  45  56 133 185 129  64  60  12 166 128 175   4 176   8 176 140  99 138 150 183 
 86  54  74  25 128 150 105 159  64  65 187  49  14 156 188 165  80  76  82  87  91 152 141  64  36  80 162  27  87 125 118  54 162  27  18  34  90 189 194 125  94 178 132  38 146  12  68  24  78  42 111 183 132  18  98 134 143  82 110 190  55  77   4 160  12  52  63 159 158  77  77 172  88  75  62 174 106  55 102 154  27 136  25 159  44  46  14 126  21 178 
118  93  95  54 156 143 190  72  60 110 115 122 142 144   8  36  62  87  26 154  46 153  78 155 146  12 142 125 146  56  90  40 186  62  38  45 160 146 118  40 112 130 168 174  44 177  58  91  65 180 102 186 162   9  66 161 162 175 168  87 162 152  70  20 145 114  88 170 186  77  56 142  33 190 105  51  27 125 115 108 104 119 170  77  70 155 176  27 140 187 
198  94  70 164 100 136   4 165  46  78 126 156 108  46 122 143 117 126 184  64  63 159  81 126 194  45  27 169 124 185  50 108  12  64  66 136 117  44  82  70  62  40 146 182  15 133  57 135  46 144 142 100 100 196 184  42 160 135 182 108  72 160 121  68 189 162  40 190 108 186  99 184 170  52   4  78   4  56 123 117  40 122  78  21 160 115  60  26  72 133 
 40 175  39  70 165 192 115  62  63  70  39 128 155 169  68  90 169  28  50 108  15 125 168  87  93  86  99   6  42  28 122  91  69 136  64 176  72  85 180  66  88 166  66 116 155  55  98  87 118 196 112 185 146  90  12 165 121 162  68  22 187 159 123 145  55  66   8  26  81 188 150 102  32  26 195  82 162 153  22 176 114 186 112 170 198 130  75 102  91  68 
105  69  96 124  12 147 130 100  14  85 155 180  54 171  68  39  58 102 135  36  22  45 144  87 116 130 186 142  33  98 175  62 185 105 153 100 112 182   9 104  26  66  25  93 189  51  30 156 171  16  28 123  30  69  84 153  10 110  21  33  32 165 182 177 192 132 175  15   6 153 165 146 104  26  14 172 175  22  88 123 159 174  27 195  40  26  57 100 148 118 
144  15 172  87 122 178 105 192  42 182  87  22  81 119   9 129 168 104 134 147  58  27  16 115  74   8 121  16 133 159  22 155 148  80 148  20 162 196  14  85 132  46  32 189  49  72  90 106 194 155 176 125  58  70  25 142 134  88 152 196  95 183  78  65  95 153 150 134 152 100  91  26 152  95 132 152  88 115  64  72  91 195  91 178 148  42 187  38  96  70 
124 121  74 171 156 187 105 142 159 178  10 126 153 174 185 180 115  82  55 170  38  15  26  76 102  64 126 112  98 150  75  48 134 100  62  25  26   8 154 124 115  39 134  76  85 156 104  33  52  60  78 148  98 130 162 108 146 158  12  40  51 177 146  84  58 143 138  45 148 182  86  55 132  48 174 152  42 185  14 164 170  86 144   6 183 134  85 110  65  99 
135 183 169  42 150  86  22  27 141  64  32  95 155 134  42 177  21   6  58 166 104  49 174 142 170 183 145 141  76  36  26 117  25 172  10  30 145 145  14  95 161  55 190  69  18  38 122  93 172  39  27 198  49 160  33  27 143 188 130   4 160  55  33  66  70  18  51 168 112  84 121 145  56 190  63 122 161 153  21 147 153 170  82  56  62 145 124 122 136 104 
 27 125  93  32 189  18  92 185  95 129  39   6  38 165 136 192  18 184 145 178 155 138  16  63 152 158 116  34 121  86 162  44  36  99  66  10 156 172  78  40  21 172  52  85 150 170  68 189 182  68 174  92 111  44  85 184  24 178  48 106  98  94  81 118  10 124  26 176 145  39  86 112 136  64  18   9 152 161   4 153 117  50 178  92 119  34 148 105  51  21 
 75 162  39 162 105  27 147 110 106  98 120  66  87 180 169  70 192  24  33   9 135  48  45  57  25  26  74 100 145  57  10   6 147  54 175 159  66 144 174 166  39  77 196  56  26  86 172  88  52 196 182  95  64  56  15 100  77  72  22 129  46   9 175 125  40   8 183 176  30  91  80  77 195 187  86  57 134 111 189 110 170 125 182 118  72 110  72 171 104 150 
 30 154  27  10 134  16  57 116 150 162 186  84  30 168  58  33  57  72  58 125 128  84  90 188 184 185  87  18 158  68  91 140 158  68   4 136  20 134 148 169  66 110  84  25  69 166 182 174  65  62 129  90 161  95 114 190 162  28 176 129  10 115 142  38 165  21 174 123  76  39  69 136 192 153 148  25 164 147  92 105  14  48  90 154  86 188  44 182 136 166 
144 168  94  49  20 174 180 144   9  21 123 183 166 182  74  64 169  96  10 172  93  34 141  15 133 189 141  92 106 138  63  26  44  28  24  95  27 134  52  66 161  14  38  38 165  49  64 132 126  77 156 145 130 174  44  66 141  50  46  75  25 171  55 162 147 140 152  85 155 110 115  60 156  36  69 178  21  58  58 153 140 171 164  22  81  14  44  76 120 112 
 36  58  95 196 105  30 140  34  16 154  86 129  50 108  32  82  15 119  21 187 141  94  65 153 153 175  70 166 190  58 174  80  25  42  64  54  94 152  20 195   8 119  26 177  21 111  68 182 184 120 187  58   4  87 102  80   4 117 133  87 116  58 169  10  44 180 170  32 177 171  49 182  72 180  68 116  81 169 192  16  95  88 161  14 168 102   4 111 122 106 
 75 124  36 144 130 117  58 180  62 122  78  62 111 148 155 144  18 120 106  99  40   6 172  55  74 119  82 150 111 177 143 180 175 168  69  24  15 192  82 171  28  80 171  54  85 194 148 135  85  12 184  70   9 121  92 135 146  94 150 170 183 166 120  81  93  44  42  56  33 142 134 102  14 112  14 130 122  51 161  82  86  33  69  21 166  66  16 121  49  63 
147 188 143  91 125  20  81  75 194 198  48  34  21  57  72 165 159  46  66 121  76  81 176  55  22 175  64  96  91  90  32  63 159  45  93 188 180 156  88  18 154  87 186  57  68 170 115 136  39 134 133  56 168  22  65 110  96 123 172 132 159  98 102 195 112  50  25  81 161  12  82  52 121  36 119 190  21 102 115  14  74  20 156  60  88  72 184 177 126  81 
 88 118  54 152 125 182  72  21 136  66  30 162 189  34 171 161  25  36  75  12 123 145 150 126 114  60  52  14  77 105  38  60  36 164  68 114 123 130 147  93  45 143 174 175 153  54  96  84  81 168  98  86 168 102 114 180  74 141 134  88  87 174 128  27 154 130  68  16   6  14 158   4  39 122  22  65 161   4 158 116 172 129 164 161 143 121  78 186 153 175 
161 154   6 100  51  46  62 180 118  45 172   6 105  48  92  66 140  46  74  63 190  85  88  28 138  49   4 141 144 168 156  70  22 100  39 155 120  24 136  60 158 166  27  28  91 116  95 122 161  25 144  72   6 135 188  49 120 160  70 156  93  22  86  10  54 189 195 143 177  20  36 176 187  60 184  58 120  86  55 161 177  28  28  66  20 189 110  21  26  57 
134  50 141 169  94  20 155  85  52  21  26  54  55  48 141  33 123 188 141  33 111 124 180 194  76 111  82 133  68 125  36 156 196  95 170  58 185 166 106  16 140  24  48 175  85 198  27 161 198 106 152 160  12  55 129  40 156 111  90  72 152 196  76 111 124  33  50 177 195 153 143  28 105 125 111 135 146 162 195  76  12  18  34 194  12  55 160  26 152 114 
 62  94 184 192 138 105 141 147 104  81 184  20  32  92  35  49 195  25  86 125 196  54 192 165 126  46 175 182  49 115  16  28  96  51  93  20 140 174  85 156 192  51 124  32 148  57 141  14 138 154  27  34 156 178 154 121 154 177 152   8  99 188 142 190  10 140 120  35  28 102  55  76  14  85 152 178 130  30  32  81  55 165 184  96 119  12  24 161  46  68 
 50 195 108  65  50 104 114  81 168  38 159  69 144 142  64  94  22  18  93  56  70 156 165 133  72  10 141 154 169 184  77 126 169 118   8 174 132  60 111  48  93 102  39  50 159 184  80  48 110 155 196 182  98  15  70 170 177 196 146  60 108 195 128 156 129 177  85 110   6  94 120  40 198 142  87 112  24 100  87 154  60 170 186 145 184 169 187 186 150 110 
174 115  88  46  82  64 128  22  84 160 141  90  99 140  81 121  12 122 169  85  16  95 140 138  35  87 102  49 184 116  51  98  85 115 172 187 120  10 186 198 172 121  39 155 140  82 177  84 196 166 171  90 195 158  39  98 141 142  80  18  92  36  42  77 165 132 178  46 117 196 128 145  84 185   6 172  39 119  49 158 124 126 116  22  91 123   9 162  99  24 
 74 134 100   8  51 120 136 100  12 145  42  98 147 150  54  57  57 117   9 188 175 175 142 118 166 142 190 145 175 128 168 180  14  45 194 150  93  52 100 106 116 125  96  66 194 172 117  42  64  86 121 145 189 172 195  99  48  87  28  85 187 198 182 155 100  57  16 162  70  34  20  74  65 169  22  35  20 125  32  55 169  28   9  77  42 178  55  87 187  69 
147 138 100 114  50 117 145  44  92 138  18  74  32 135  86 121  20  62   6  46 150 186 128  96 141 105 182 155 128 150 123 144  44  63  44  15 187 162 183 161 104  30  49 156  76  22 132  26  96 147 162  44 161  64 129  22 144  76 148  30 172  60  50  15 187  28  35  55  98  91  52 185 175  66  80  25 165  62 126 183  94  51  84 175  14  80 104  80 135 176 
 16 148  70 183 159 141 140 180  90 126  55  45  72  64  44  82  81  60 121 123  33  49 188 119 145  77 177  49  81 126 112 110  24 148  30 118 123 189  85 196 145  57  57  66 129 168  39  39  91 129  42  44 166  32 105  25  91  86 198  54  90  34  46 172  98 143  80 115  39  98 128 175 188  94  48 108  87  87  62 168  15  42  58  81   4  12 186  70  84  99 
189  20  82 125 111  64  60  69  75  93  44 106 195  98 108 114 102 161   4 120 183 108 108 183 175 188 183  81 195 112 115  45  35 190 195  25 118  18 171 140 114  45  15 147  38  85 194 106 183  39  44 194  94  57  27 194 184 106  48  69 141   4  94  52  65  38  49  63  40  42  52 154 153 183  69  24  77 126 122 159 145  96 189 192  24 183 164  90  22 111 
144 174  36  26  54  35 125  72 128  40  46 159  26 183  52 144  34 129 174  38  81 185 135  85  63 161 121  63  40  55  21  22 126  99  44  34 133  38  84 125  92 154 133 122  98  26 128  66 133 192 144  49  36 132 184 168 140  82  52 115 144 134 161  48   9  38 102 195  58  46 170  58 121  98 144 120 104  92 147 108 138  51 176   8  48 124 105   4 110 120 
 88  10  20 134  38 185 142  78  51  63  80 126  93 142 106  84 128  63 117  72 155 111 182 180 172 161  87 125  15 117  48 182  92 177  58  90 183 166  54 174  51  60  80  60  34 175 190  54 120  75  40 108  55  93  60  44  14  80 164 189 154  22 108  39 134 152 154  72 114 104 165  40  72 130  42  27 184  38 118 121 146 198  95 148  96 117 158  22 155 164 
 46  22 180  46 129 124 122  90 128  57   9  72 147  12  35 134 196 148 172  28 195  35  92 182 124 145  58 180  65  15  45 195 147 147  24  16 185 158 187 186  50  33 142 150  74 100 198  72   9  69  62 126  28 147  48  18 118 115  95 102  95  69  85  55 185  16 115 188 108 126  44  40  84 184 147  28 120 122 105 150  15 174 145 136  26  92 184 112 166 145 
 96 176 159 170  64 119 177 183  46  46 178 142 155 108  74 160  94 145 138 177  12  99 152  92 132  44 129 176 194 159  87  72  96 124  60 183  20  70 141 187  56  76  86   4 120 140 172  25  72 175  36 110 153  28 194 178 130  66 141  62 169  15 147  87  25 159  10 182  86 134  84  36 180  90 111   8 136  92  60 155 142  49  45 169 160  51 164 192 132 171 
 24  34  68 140  52   8  16 160 130 164 114  33 146   6 152  40 124 128  63  44  33 112  18 148  18  98  10 119 184 146  60  55 183 180  90 169 172   8  93  48  69  63  80 180  64 159  55 164  24  15 183  51 125  15  20 186  16  10  46  57 106  96 162 136 104 124 176 106 146 184 111  81 195  86  56 129  99  18 106  28 171 142  44  45  21  24 162  99  18  26 
 44  69  85 123 161 144  33  68  25 185  52 196  80 180  99 121 102 145  88 190  94  63 123  21  86  18 138  56  80 178  92 112 123  33 108  21  24  82  16 192 141 116 182 118  91  99 111 116 122 145 171  16  94 108 184  74 121  82 120 105 166 180 135  87  10 171  93 126  45 141   8   9  92 132  12  63 145  76  16 154  88  21  48  50  55  70 138 187 140 129 
183 141  36  95 112 138 123  49  40  54 126  62 106 143 145 108  20 174 170   9  42  25  91 112  76 152  81  42  55  74 104  26  28 189 190  57 196 132  64  68 110 154  66  33 112  42  34 144 100  96 174  34  92  56  85  85  58 116 154  44 117 110 143  80 155  35  49  12  36  86 154 171 146 132  60  50  76 164   8 185 156  63   4  62 158  82 154  34 194 154 
 18 170 129  60 150  68 183 118 195 182  94 154 168 165  95  20 166  52 136 158 178  77  46 182  91  51 141 110  36 177  63  12 162  70  51  52 111 148 112  36  30  64 158  69  68  42  30 119 112  62 145  60 133  94 148 154  18  68  24  70  42  54 184 186 129  84 192 135  12  40 130 182  87 136  35 116 194 176  95  54 176 147 115 105  75  57  46 136  94 185 
 55  99 106   8  91   8 115  68  62 121 146 184 198  96 104 189 164  78 183 104  82  87 192 138 198  32  92 126  45 168  93  14   6 129  28  96  90 145  32 171  44 156 108 182 118 129 192  33 182  64  10 162 166 128  30 180 161 136  48  70 164   8  70  39 175  45 104  87 159  81 104 125  25  81  22   6  64 125  49 168 141  55 118 125 169  48 124  24  64  52 
196 147  84  24 141 177 194 150 135  56 126 145  88 105  85  66 189 150  40 138  55  96 116 171 110  70 161  35  55  42  80 194 189  27  14  54 160 153 102 156 184 133 133 172 162  42 120  65 186 180  27 189  46  63   6  85 130  93  85 171 134  95 129 172 192 111 189 114 171  51 155 162 154  82 129 166  93 105 138 174 162  93 170  62  51  98 125  93  46  86 
161 136  75 159 170 192 143 194   4 132  77 105  91 129  68  74 133  76  10 166 138 195 170 125  21  62   9 155 194  33 118  72 154  42 150  60 159  44  87 135  46  26 158 171  36  16 118  21  92  32 111 177 158  18  88 158  21  20 105 169  18  12  33 145  40 118 100  38 114 143 142 144  87 190  74  16 152   4  70  32 190  94 104 141 187 116 120 192  81 147 
 25 108  32  90 125  75  99  96 174  22 187 145  10 118 135  27  10  26  86  63 104  16 118  85 112  16 175  90 183 144 124  60 177  86 134  48  92 138  93  95  30  34 147 145 171  99  32  16 164   6  58 118  34 136  14 124  98 198 110 180 148 124 160 182  52 150 158  25 119  63   9  36 123  21 190 195  65  64 122  15 120 106  28  65 140  57 188 143 128 147 
180  98  27 198 106 153  44 125 152 165  76   9  81 143 115  68  75  52  35  48 198 115   9 164 153 184 176  58 184  27  51  27  66  80  10 170 134 183 126  75 182 169 140  75  98  49  49  57  66  48  72  86 141  69  93  35  85   9  32  54 100 184 159  68  39 118  57 120  28  14 162 159  30 124  28  90 115  44 189  32 105 183 156 187 178 148 195 136 133  76 
 85 169  78 105 135 136  85   9 122 156 170 105 164  92   6 152  30 126 185 178 175 166  70 154 130  33  20  57  82  96  49 194 115 110 169  63 104  12  91  76 148 154  74 133  54 133 196 114  85  76 133 165 122  80  21 185 102  74  33 130 116  75 183  94  57  21 147  48  88  57  44  78 119 141 108 132 192  45   9  84 122  81 116 156  28  93  15  93   4  92 
 45 104  99 150  22 180 168  91 192  30  64 154  91 155  54  35  48  58 129 114  66 119 124 174 123  81 140 126  92  84 122  21  82  52  55 196 186  55 138  76   4  48 114  57  90 123  62  62 140 180 165 126  20 154 154  99  21  12  69 156 162  28  49 134 129 133  90 190 175  55   9 121  33 169 176  10  74 165 172 128  77  45 148 194  93 172 119  35  14 178 
185 155  39  51 188  78  96 123  66 122 136 147  98  74  18 183 150  90  93  45  69 198  95 145  25  70  45  66 186 145  24 136  38 132 183  94  12 111  84   6  51  74 196  69  54 116 110 177 144 105  80 168   4 165  74  35  48 171 152  94  63 182  84  62 116 124 174 162   6  87  14 182 112 135  48 194 180 128  72  62 114  88 182 153 185 170 177  74 160 126 
184 189 146 115  14  86 144  96 150  39 135  10 120 106  76 192 105 104  75  16  18  27 180  99  52 184  70  69 161 185 125  18 100  88 110  84 196  40 129   6  26 152  93  32 153  32 170  88 122  63 198  86  98  20  42 133  60 115 195 124 152 192  58  28 184 147  98  76  64  84 162  85 142 196 195 120 141  35 166 112   4 142  68  24  72 177  27 196 146  90 
 57 188 123  16  56   6  28 136 171  35 133  60 118  49  15 146 138 130 190  70 190   4 198 192  34  45  81 162 186 105  85 195  52 165 145  42  42 121  34 111  93 106 156 148  96 122  52  35 122 135 183 190 104 141  25 108 194  84  80 114 143 155  16  90  22 171  15 144  99  55  40  27 140 108 169 195 118 143 182 155 154  99 115 119 128  45  95 156 190  99 
 64 189 128  64  95  45  63 143 177 104 135  28 123 184  78 119 171 144 172 198   8  96 129 136 156 161  39  35 145  72 189  45   6 117  70  56 162  57 187 130  50 121 154 196  44 140  72  55  22  48 150 183 134 182 133 123  88  90  78 174  81 143 104  38  69  56  39  69 126 172 182 123  99 198  88  86  68 190 194  99  52  48 128 126  63 110  10 133 188 144 
152  62 160 123  21 129  54 171  18 117  45 190 160  84 138 174  62  12  51 189  70 117 171  74  49  64  69 118  12  87 177 180 111  45   9 141  36  96  68  94 125  22 177  96  90  64 160 183  20  84  18 119 123 132  77 183 123  57  88  51  98 172 140   4 112   9 172  28 150 190  98 123  32  12 135 117 130  92 148 198  66 174 124 132  42  14 120 164 142   8 
124 161 118  81   8 129  39  48 171 129 180  96 125 111 176  51 153  92  81  85  45  98 159 169 186  45 156 174 104 156 178 115   6 145  63 143  50  80 174 153  68 122 190  55 177 106 187 183 168 195 171 102  85 136  63  68 196  88  52 143   9 160 158 174 189 159 132  78 177 108 122  54 141 150 116  98  86  33  55  62 188   4  91 180  86 100 182 112  33 182 
129  80 156  92 142 158 164 118 180 160 186  62 182 128  68 100  72 189  99 120  20  75   4  50 121  22  75 141  72  10  18 171 129 172 190  99  95 182  65 146  34  69 166 164  44  77   8  14 162  91  99 166  88  66  18 125 153  16 144 198 172 154  88 124 142  38 122  44 190 118 114   8 115  77  81  81 114  92 123 121  55 175 114  80  35 122 175  75 148 122 
172  99  35 105 178  10  46 148  34  90  78 185 100  45 176  22 165 126 192  56 128 143 171 178  74 114  63  85 177  46 126 183  10  80 155  74 194  93 114 142  50  74 135 192 111   4 158 178 164  35 133  88  57  42 180  88  90 135  44 116 148 153  36  18 134  51  90  84  77  85 161 124  36 177 169 106 122  38 100 192  96  46  82 169 150 188  44  14  22  60 
114 189 159  70 189  54 123 177  82  18 168  39  50 126 189 160 194 175 142 145  27 117 133 125  81  12 185 105 136  33 140 102 161  42 135 133  92  65 158 192 121 184  92 176 171 190 185 188  28 134 150  42  57  35  12  15 183  95  39 124 120 108 106 123  56  63 128  91  38  18 156 153 154 155  24  16  90 105 116 169 100 119  24 134  82  99  54  25 156  92 
