36 94
 74 115 133  40  55  14  98  86 112 106 174  12 100 136  87 10091  92  84 176 135  68  22 141  40  85 158 172  27 119 177  38 117  66  65 105  50  62 134 198 147 159 188 170  49  50  36 164 112  52  39 183  28  81  93 195  87 117  25  55 106 118  32  18  82  99  24  90 165 198  27 186 112  20 154 121  95 140 186 155  20 106  49  36 134 104 171  94  42 148  66  14  32  30  77 
102 194 169 198  72  77  38  69 105  80 155 146   6  56 134  48 156  40  57 136  50 164 169  30  40  21   4 171  56  66  44  56  82  69 180  36   9 110 175  65  95  82   6 159  91  57  39  44  94  10 145 112  94 140  80  39  15  92 183 145  98 186  33 105 164 105   8 172  24  96  30 108  78 196 116  84 136 153 184  26  22 198 166  33 184 180  34  39  88  90  62  99  64 175 
 68 180 186 134 183  55  24  32 166 111 112  40  32  10 154  16  39 105  74  58 105 188 138  51 141  69 135 154 129  38 126 180 144 111 168 177  15  38  80 190 169 164  32  49  75 128 124 154 136  26 148  72 142 184 118 165 146 192 106 165 183 161  15 189  24  94  52 153 161 123  78  70 185  36 192  69 164 192 156 175  25  99 145 190 129 160 140 147  96 186  87 108 119  30 
190 148 171  24  96 135  78  36  93  51  27 10091   4  48 180  45 133 10091  68  33  87  74 126  87 159  65 198  91  68 117  66  16 165 146 111  24 147  93  21 106 182  32 158  76 110 147  22  99 178 140  34 192  88 164 153  46  66 114 132 120  66  75 154 125 124  18 192  24  25 175 144 125 136 110 132 194  81 150   8 125 156 115  38  38 104 177 140  54  16 176  70 123 182 140 
 49  38 102 111 106 117 143  80 115  40 184  72  56 165  88  51  76  93 156  86  21   8  70  40  55 183  69 178  10  40  12  82 132 171 106 176 105  82  65  76 118  44  35 190  57 106  56 168   9  76  84 133 134 171 144  14  57  96  81  50 171  35 178 138  28  72  57  96 176  68  65  93 138 188  70 153  42 116 166  14 145 164 128 104  95 147 170  38 165 184 160  75  98  93 
 54 146  68  86  69  63 158 169  81  24 180 120 124  52  18  85 162  92 119 198 190 133 154 154  63 102 174  28 198 154  33  55  52   9 164  87  34  76 190  50  98  80 178  72  75  94 117 130  18 140 189 195 106 180 122 186 145  54  22 198  65 100 116 162 118 168 130  58  46 136 195 142 145 170  66  46  52 147 144 111  75 108 152 182  70 148 104 135 187  68 132 159  99 170 
128 176 142  25 104 100 123 150 150   9  49 170  24  87 134  44  75   9  63  10  55  16 160  82 130 145 177 144 124 133 171 145  93 112  60 122  65 178   8 162  14 156 130 184 158 117  78 159 118 106 145  65 122  54  20  16 122  24  44 126 185 183  28 143  28  94 153 115  38  94 182 165 117 168 141 169 158 156  72  15 125 190 111 138 123 158 178  10 138 161 156 115  86 153 
194 150  42  63  32 108 195   8 178  68 176  15 146  92 154 147  64   8  18 146 104 134  91 158  25  96  40  25 166  69  62  60  36 114  45 146  60  64  27 138 132  55  39 104  38   8   6  46  51   6   4  87  70  68 182 106  34 180 136 141  93 122  22 166  66 110  28  58  52 174  52 128  52 192   6  70  48 142  48  58 168 102 121 121 192  15  18 160   8 187 116 128 111  74 
162  28 128  20  14  14   9  39 141 142 132  69 135  88 120  93 112  34  55  48 115  54  10  92 120 180 153  86  40 100 183  30 146  74  66  28 187   6 159  22 144 105  99 110 145 140 166  56  60 116 180 196 123  66 130 178 171 133  44 123  45  64 154 121  85  10 172  24 176 169 169 116  49 165  54 152 168  92 135   8  46 100  39 160 182  32  28 116  45 106 169  74  44 132 
 64 165 175 196  87 119  34  86 168  25  52 170 102 114  12 10091  16 164 130  91  62 138  28 140 175  18  56 134 146 117  55  58  52 111  34 132  12  50 172 141  68 123  25 121  40  94  48  48  26 148 169  95  55  77  86 117  21  44 123 118 156  74  87  85  69 106 123 100  22 190  34 189  74 174 110  82 155  12 102 172  91 146 111 143 160  69  96  33  74 138  27  57  81  22 
102  70 172  27 150  96 124  51 124 108  24 165 168  93 136  63 198  50  81 155 195 111 142 119  66 133 130 168 164  72 130 132  21  66 186 170 153 171 156  64 154 136 106  72 108  98 112 196 159 188   6 172 102 177 154   4  74  62 133  70 178 108  52  55  86  87  62 195 136 119 119 129  33 185 108 126 152  30  88  10  39  72 160 188  92 110 180 106 135 129 148  84  26  21 
160  82  21  86 171  33 108 134  54  57  72 108 148  52 118 141 106  10 182 126 140  57 194 177  85 142 132  28  68  55 128 138 154  96 187  74  54 190  86 158  63  62 140 112  38 184  94 184  44  92 110 125 124 147 184  76  56 140  87 133  49 138 183   8  58  76  50  49 104 150   6 119 159  39 180  30  14 124  28  85  85  49   9 185 182 130 141  15 100  15 122 161 172 182 
 30   8 186 118  90 154 169  66  81 142  57 186 196  74  78 154 100 162  44 122 150 153  12 188  82  54 111 125  15 140 190  81 121  36  40  60  82 171   8 183  34  93  84 119  69 146  12  39  60 142  24  78 184 174 168  18 196  36  65 146  42  30  78 141 111  49  87  92  32  66 152  84 100 117  86  63  94 122 136 143 102 146 146 172  50  92  87 192  88   4  62  32  56  18 
182  72 106  88 171 175 190  92 175 171  58 100  80  92 168 176  25   4 175 147  98  16 182  69  16  16 100  16  32 172 145  16 174  98 133 156 164 135  46  54 180  39  56 122 126 165 178 128 143  84  99  78  50 194  84 146  12 122  99 186 186  14  56  96  81 125  14 183 166 190 148  18 194 188 142  98 153  69  10 144  64 154  86 169 117  27  66 123  81 186  33 128 140   8 
129 133 135  12 194 124 121  84 114 119 106 175  46 161 180   9 158 128 142  48  65 126 174 177  86  54 184  24  20 194 129 135 144  94 155  64  39  86  42 110 168 192  94 136  22 116  32 138  26 190  42 158 147  55 125  34 115 184 134  66 170 170 130 150  34  68 186 158 140 166 165 100 110  12  81  35 194 138 133  65 122 180  84 158 166 129 174 147  84  94  87 112 192  60 
187   8 171  56  86 105 195 132 126 147  22  86 154  60   4 141 134   4  26  22  21  26 119 121 155  82 138  26  34  72  27  49 192  96 124 175  15 153 172  93  18 172 168  81 110  15 153 108 195 122 162  25 188 145  72  57 147 130  55 184  15 142 178 128 195 124 175  68 184 189  75 138 122 159  57 122  62 144 117 154   9 140  39  64  91 184   8 142  50 111 152 164 158  12 
177 128 130  24   8 159 155 169 144   6 121  86 172 187 196  18 178 105 148 111 120 102 188 102 130 115 125  82 150 150  64  65  22  16 138 171 105  49 142  24 141  25  69  52  18  30 125 114 122  57 192 115  87 190  49 132 117  76 141 158 174  95  54  96 114  63  55  84 123 142 188  76 115 133 141  36  92  40 123  45  88 140 108  66  28  98 126 118  65  70 104  25  90 152 
183  28  27   6 119  33 134  20 175 158 118 122 144 150 198  16 135 180  46   8 172 130 111  38  92 112 158  94  25  95  15 180  91 168  56 117  57  95 110 111   6  27  75  52 153  39 152 130  55 147  74  34  98 115 168 155  78 194  68  44 153 162 171 121 106 182 161 178  55 148  50  51  68  40 168  30 105  70  63 185  76 154  32 119 144 170 126 161 148  63  84 194  28 126 
186 166  27 169 196  33 162 138 174  21  63  20 180 122  65  94 136  39  92 171 161 121  49 166  26  48 161  40  42 108  15 165 115 198 136 124 164   8  76  16 178 158  60  40 116 110  20 155 110 124 198 154 166 114  20  86 111 184  54 120 192 147 192 174 180  48 176  63  49 105 166 108 105  52 130  72  46  45 178 153  10 108  63 159 119 140 118 188  85 150  85  90 114  25 
 75  48  35 194 136 124  26 183 166  32  26 110  28 136 146  50 174 184  96  99  69  92 102 156  33 129   9  56  12  66  60 133 129 114 140 196  40  27 145 135 164 150 144 198 126 121 156  62 119 178 128 182 152  57 132  48 154 192 147  42 188 129  84  38 169 124  45  24 178  57 158 124  38 189  56  18  42 114 126  42  12  42 138 146 116 188  91 180  80  72  88  52 156 166 
158   6 122 112 174 152  77 122 166  39  52 141 112  76  54  40  96 125  62  45  27  70 154 161 130 162 108  72 150  94 146  40   4 160 124 190   6 123  68  74  56  82  77 111   6 189  91 141 192  24 177 116 174 120 168  81 134 177 158  81 159 195 135  24  14  77 176 156 138  70 192  32 187 169  69 166  25 125  26  96  75 168 112  54 189  65  54 152   4 122 178  30 111  44 
158  82 155 176 108 152  48 169  78  70  35  50  74  99 178 119  49  57 160 129  36  98   9  75  51 144  63  55  64   8  66 111 129  60  40  27  12  48 156  25 190 147  58  14  24 140 170 148  33  34  18 118 169   8  99  54 128 190  93  48 169 102  91 189  46  77 183  54  12 182  34  35  30  26  90  81  64 171  70 158  74  28 118  35 175 186  15 108 175  44 146  27 117 144 
 95 177  15   6 116 196  98 183  62 195  26  49  45  81  27 112  69  51  56  56  74  18  72 192 117 194 145  82  75  86 111   8 152  34  34 182  68 142 135 178 124 102 110  65  51 188  95  87 117 102 123 156 122  34 112  57  92 100 172 156 135 118  81 185 162 155  86  16  96 147  86 195  72 183  95  68  77  27  32 115 128 125  87  91  91 108  33 155 121 143 148  20 133 194 
 18  16 147 188 148 126 189 144  78 195 187  72  52  72 120 150  56  82  26   6  21  77 172  36 123 170 141 104 121  55 171  87 190 133 156  55  87 135 114  94  49  10  95 190 118  27 155 189 159  18 158 133 153 117 190  88 129 143  76 129 122 142 186 117 106 146 133  39  74  58  91  80 162 169  74 159  98  16 195  93  16 185  86 152 108  14 184 143 129  74  27 143  90 115 
 16  28 187 189 110 144   4 124 129 164  92  68 177 161 185  58  74 176 159  42  22  99 185 196 117 117 134  95  70  27 140  52  54   9 194  51 150 171  94 128  66 106 198 158  78 116  66 188  68  28  95 122 124 166  52  21  74 153  54  46 116  39  80  86 144 111  50  65 198 170 172  34 198 117 171   6 119 126 136  66 174  49 189 145 164 130 125  10  14  93  84 158  22  76 
 80 192  95  99  62 189  28  80  26  92  40 170  82  74 150 159  90  49  81 133 124 166 183  92 194  78 125  12  66 138  75  85 186  25  88 112  30  90 100  16 174  85 166 153 175 185 176 136  40 122 110 121 141 198 159 133 112  40 110 175 111 121  78  98 175 125  28 180 166  35 116 166 125  16  77 138 186 187 148  45  35 170 165 129   8 156 146 178 145 172 192 114 121 177 
121  70 126 116 150  48 146  92  76 198  28  50 150  32  94 123   4  93  91  45  74  12  58  45  70  74  60  32  56 156  45  69 154   9 128 136  30  94 177  50 138  95  51  76  12 128 110 140 121 134 123 118 126  70 161 129  57  46  34 184  62 102  44 183  65  69  78  90 141 120 165   6 123 189 140  42 189  82 110 134  46  72  72  51  70  76  98 140  58 105 152 119 183 110 
 99  45  94 112  18 104  48 100 114  86  30 105  84 154  50  50 111 117 130  22  90  33  72  62  94  35 111   8  25 153  28 175  98  52 156  49 133  70  65  20  77  92 135 174 190 105 148   4  88  80  76 169  46 160 150  62 164  27  92 153 165  93  80 144 152 135 152 121  36 138 112 159  26 134 198 106  54  81  80 134 110 161  49  51 102  12 100  64 187  62 141  94 190  55 
176  70  69 177  70  81 124  25 106 111 178 198  99  18  77 194   6  15  52 138  84 186 133 184 100  77  60  92  84 186 138  62  30  44  25 135 194 120  74 121 195 115 194 188  25  36 186  57  57  40 111 108  44  28 143 174  28 117 128 195 165 135  69 176 153  86   6   4 180   6 120  99 164 125 184 141   9 162  36  74  14  93  36  99 117  14 150 125  96 183  80 177   6  20 
 87 198 182 136  63 111  62  62 198 155 118 177 168 166  49  12 185 180  35 184  22 121 116  62   4 117 147 122  44  77 145  92  85  28 140 155  72 126 196 123  87 184 188 162 185  50  20 105  84  45 115  57 162  12  21  92  99 111 111 166  75  80  27 152  51  18 182  98   6  91 132 114 156 123 110   8  10 108 154 198 125 169 135 148  49 178  22   9 198 160 176 182   9 176 
111 148 176  21  93  95 188 145 152  64 121 144  12 155 189  54  35 186   6 146 119  39  28  24 102 135  35 138  26 112  50 158 186 128 172  46 117 118 134 196  87  54 161  15 171  35 102 141 170  44 100 164  40 176  66 122 140  48  65 174 152  60  74  20 172  80  51  50 165 134 189 148 106 152  64 141  63  99 153  57  95 108 133 116 152  38 120 152  90 166 162 136  99 189 
175  96  16  87 128 165 130  65  40 161  74 156 170  36  48 114  57   6 166  22 171  58 168 102 150  69 140  34 104  63  98 198 190  48  85  54   6 184 132  94  54  27 133  36  39 118 117  75 182 164 152 150  21  66 116  93 170 184  25  26  24 192  42 194 176 184 125 145 144  34  34  91  35 164 112 135 184 104  77 180  52 158 187 196  24 165  84  88 166 112 162  54 198 155 
190  64 138  34  24  14 114 123 133  51 124  84  92 170 196   4 138 196 159 190  26  77 104   9  95 176 134 124 148 178 150 194 115 156  22  60 176 135  77 168 126  30  56 190 102 162 175 145 153  52 138  22  56  25 189 189  99  66 164 178 104 129 195 184  46  86  55  99 145 142 185  30 160 186 180  88 178 174  26  50   8 158 130  32 180  90 150 188 147 105 196  68  45  94 
  9 102 154 158 128  63 175 126 177 114  55 134 125 178 162 178 160  95  30 120 171 192  56  68 185 152 143  21 112  90 189 176 180  20 198 150  62 187  44 156 126 189  58  90  24  57   6  74  49  51 133 182 165  25 146  24 168  10  62  25 155  55 161  28 178 125  14  46 140 159  64  93  90  52  80  50 188  52  49  10 135 121  25  20 185  69 162  36 177  98 115 177 153  80 
 52 122  82 147 183 159  99  70  96 188 195 194 189  35  78 184  78  75 165 126  51  18  95 100  75 130  68 119 190  86  70 158  96  70 192  88 130 108 106 116  68  82 164 192  57 168 194  57 134 171 176 104  62  74 118 105 166 159  10  28  68 104  63  72  48  96 147  91  85  60  32  60  18  49 196  74 142 129  22  96  54 161 148  15 126 128 104  66 144  70 122  48 189  64 
119 128  36  16 166 185   8  20 140 148  69  22  98  38  64 146 111  44  26  18 102  66 196  56  42 161 120  58  49  27 158 155  74 172  34  36  98 124 158 184  36 142 164  48 117  27  36  45 135  68 183  86   6 100 130  15 166  20  16  28 133  95 185 114  15  75 124  58 164 156  42 192  38 171   4  69  74 144  26  77 164 138 182  57 154   8 183  62 102  81  88 184 184 134 
