96 30
 24 100  12  66  42  24  62  85 144  66  72  22  52 140 105  76 135 119 152 135 111 133 126  54  36 165 115 171  57 124 
183 140  48 159 135 115 133  58  28 190  66  46  98 141  44 176 124  70 184  88  80 140  72 117  84   9  32 116  15  33 
 18 136 104  21 140 166  93  81 105 185  81  98  84 123  46  55 108  46 133  56 114 143 138 117  35  95  44  27  72  76 
 88 171 171 129 198 150 175 111 140 108  26 145  34 191 154  39 117 116 126  88 111  35  25 172  69  35  88  94  45 108 
150 114 183 155  57  99  24  51 158  72  12  91 71 176  87  14 117 146  40 150 124 162 192  94  62 148 110 102  39  28 
118 178  49 140  38   9 115  68 196  40 150  82 154  48  85 141 144 189  22 111  30  91 100 168  34  54 144  51 130  18 
 60  52  52  51  52 184 134  54  86  57  48 152  52 19  13 112  38 188 164 169  33  40 141  87  46  16  91 196  88 102 
 40  27  44  15 143  20 176 169   8  42 194  58 150 158 184 132 122 117 114 144 186 118  87 138  10  30  10 121  93  46 
 46 195 159  63 155  117 114 190 138 111  45  38 158 120  57 128  75 144 128  90 152  52  42  82 136 174  70  75  42  64 
 54 133  57  70 169 148  56 124  74  62 115 106  27  63 188  70 182 159 110 117 145  66  90  22 165 135 158  57 161  85 
102  87  75  12 168 110  18 166 171 183 129  68 104  52 176  14 192 124  92  63  24  21  10 185  81  30  68 176  42  46 
126  24   9 169 159  46   9 143 133  52 111 171  58  20  42 145 190 152 150 180 106  21  65 120 147 146 142 141  48 178 
 58  12  81  49 134 154  34 159 123   4 184  26  84 104 148 144 152  55 133  55 175  34 125 164 175 122 136  46 100 192 
104  55 158 196 116  49 142 182 102  74 143 184 134  22 170   6 124 176  58  57 114  25  78  88 165  58 178 148  26 117 
140  49  52 114  35  16  12  80  85  45 174  10 119  49 192  80 158 192  20  57 180  25  96 141  51   4  16  70  40  91 
  8  32  117  21  66 180 120 133  21 111 130  63 148  85  12  84  91  84 153 154 174 169 174  98   4 192  96 186 171 104 
 50 174 187  90 186  25  15  51  36 142 146  39  32 115 144  35 117 152  95 141  39  32 142  14 142 180   6  18  68 182 
 40 125 184 156 138  45 174 159  86 116  82 147 116  94 162 135 126 145  68 119 136 124  60 194 194 108  33  48  86 162 
 95 117 196  78 153  84 186 122 166  39  10  87 180  22 153 185 190  93 192  45  26 143 184 134 111  49 105 171 182  78 
 20  57  62  58 154  86 148   8 168 175 190  16  36 148 155 141 148 155 150  51 143  96  92  22  68  85 164 122 165  69 
196 123 150  56 174  50 133   6 161  48  63  45 117 169  91 120  72 164 106  90  57  76  81   9 156  35 120  35 117 160 
198 185 144 195 118 158 183  93 140 111 117  69  26  68  50  16  39  35 142 100 138 162  46  92  117  49  84 116  48  56 
161  34  34  15 152  35 146  69 138 154  35 146  26 129  44  99  81 146 156 178 194 105  88 195 180 153 158  22  85 190 
132  56  49 180 106  92  49 170  35 195  91  86 117 152 129   8 132 168 138  91  86 117  46 160 160 140  60 134  52 110 
154 133  64  75  92 100 122 134  39  69  34 135  69  21  81 115 165 192 100 146 123 190  60 123  82  75 176 115 162 124 
 72  49 140 142 165  28   6 152 135  35 114  70  36  88  25 100 132 108 174   4 164 120  78  48 172 187  88  93  16 198 
138 154  93  78 143  48  22  94 189  48 182  65 190  54  65  30 126 160  46 152  68 121  36 111 153  30 105  64  27  63 
192 117  69 171 195 170 176  48  54  72  49  21 110  98 117 108  62 156  64 198 190  51  24 125  88  63  45 125 165 166 
190 122  70  26 145 194 132  70  55 162 133 195  94 174 117 160  33 195  60  30  48  98 117 176 189 142 100  33   8 114 
114 169 123  87 198  70 115 170  27  63  51 119 112  56   4 184  57 195  65  38   4  33  44  22 142 128  12 104 133   4 
 36 104  15  78  52 148  82 198  81 182 145 116  84 122  117  64   4 160 158 108 145 155   6 180 166 188 165 154 162 140 
 94 143 190 171  30  12 190  32 111  30 155  18  62 153 198  80 164 120 169 135  90  32  92 182  34 132 134  30 102 170 
102 182  62  92  30  74  58 182 134 154 153 169  52   4  54 143 119  33 112 150  75 106 106 136  45  85 159 176 165 195 
133 196 150  68  30  34 174  20 187 178 150  42 184 112 138  64  56  21   6 128  20 108 188 146 175 198 188  92 159  26 
154  34  42 176 136  90 111 135 142  24 111  117  49 136  25 180 133  96 117  52 133  90 112 117  92  46 143  16  90 183 
156  117 160  98 166  95 148 105  50  81  88  45 108 174  57 175  87 161 133  65  25 165  85  87 117 180  25 143  117 150 
 49  74 190  63  33  40 198 174  49 148 147 106  62  45 180 161 194  27 133 136  93 175  85  12  98 145 115  68  95  51 
166   8  98  35 147 168 115  75 105  49  30 192 156 174  63  64 110   6 165 174  28  58  64 110  96 192 172  93 178 171 
150  46  16 195   9  56  55 160 114 114  85  26  20 126  24  27 104 169 128 108 142 129 146 122  74 118  14 178 156 135 
148  57 124 170  28 146 146  24 123  95 105  94 152  40  27  22 130  84  32 171 102  91  93 178 138  66 171 188 126 172 
 94 136  56  58 144 195 189  42   6 154  72  40  12 104 116  96  26 122  85  62 134   9 100  45 130 153 164 115   9 183 
 64  65  72 126  88  78  46  90 146 154  69 160 143 184  49 192  54  69  22  99  68 166  58 128  80  50 178 115 187 168 
184 187  90 140 195  30   9  22  65  92   4 119  20 182  62  64  74 138 183  58  50  21  36 117 175  85 117  90 152  28 
 26  80 194 169 104  20 125  60  99 188 136  21 120  36 183 159 184  94 130  30 171  80 141   8  74  84  14  33 106  72 
 81 188  38  48  45 142 140 186  65 186  42 150  74  52  28 122  46 136 108  69 123  74 162  48 196  25 176  81  28  34 
117 134 174 180 120  64 170 138 106  40  14  45  91   6  58  40 185  94  63  90  54  72 183  78 129  35  64 150  87 152 
 54  12 198 121 135 117 185  58 143 130 106 106  99  99 143 168 134  98  84   9  82 114 144 135 106  93  91 102 159  96 
 78 154 165  117   4  84  39  65  14  86  87 112  63  35  30 117  62 104 123 128 152 143 174 138  26  51  16 125 171 161 
100 123  49  81 130 125 176  96 155  56  86 110 128 189  33   9  87 145 117  44  51 161   8  87  21  40  50  32 156  63 
 91   4  42  95 162 169 105  46 145   8 130   4 110 134 155  49  95   4 122  15 164  99  64  84  14 130 122  82 145  95 
 94 182 160 153 155 168  76  42 162 183 138  84  56 171 166  84 114 108 134 185 174  95  80 108  44 188 117 150  45  66 
123 144 170 105  56 114 117 126 118  94  93  65  20 144 188 117 128  26 198 138  33 168 120 146 106 129  95 198 148 106 
 20 154 165  33  51  24 189  15  44  117 104  49 154 112  84 144  91 119  46 156 108  36 119 171 117  18 186  84 186 108 
111  14  30 115  58 160 114 136  21  40  34 185  99  94  94 198 141   8 126  66 196  81  10  36  25 130  117  36  117  78 
 72  55 171  82   9 175  117 115  95 170  15  24  95  117   6 124 135 119 195 110  65  45 140  90  16 110  34 147 114 187 
190 140 141 169  10  20  52  55 124 159  75  76 189 128  99 192  42  64 121 114 169  42 122 185 133 169 194 188 162  70 
 54 105  66  56  68 161  10  25 164 146 169  98  55 123 119  82 154   6 132 171 156 126 168 102 180 171 175  18  95  94 
129  87  90 159 144  40 123  78 134 106  25  18 118   9 121 126 104 184  24  98  65 195  38  35  27 115  26  22 166 156 
 22 115 164  42 142  92 183  35 155  38 119 171   9  44 112 195  15 143  86 171  10 111  33  55 175  98  42 123  54 196 
 10 171 180  34 190  65 164 150  50  50 168 159  30  54  99   6 111 106 105  63   4 117 121  96 185  12 153 194  30  99 
 32 129  16  84  35  48 161 150  45  63  58  99 115   6 125 153 102 159 156  78 182 180  18 194  39  54  96  74 123  70 
150  87 124  91  65  99  18 160 184 189  26 106 171 172 104 188 104 152 180 116 186  69 155 174  18  35 133 142 183 152 
128  14 184 128 152  36  57 198  65 162 142 135 148 114 187  26  69  82  33 171  95 117  28 159  50  91 130 153  56 168 
126   8  85  82  15 112 183 120 189  39 145 166 144 171 102  60  90 156 141  84  52 141 164 156 169  85  26  96 192 150 
 68 165 155  88  52 176  27 176 182  25  98 158 128  117 178 147  92  36 166 125  80 194 164  14  65  35  75 126  32 121 
155  70 140  30 161  117 121 115  75  84 129 102  32  46  33 104  66  36 194 148  62  40  69 147 155 170 142 182 128  42 
159 185  14  35  78  48  45 134   4  88 134  96  60 155 115 119 122  75 183  46 196  57 188 155  40   4  52  38 161  52 
178 153  82 110 102  45 150  26 154  27 104 136 145 170 140 114  95   4  44 115 180 118 123 168   4  63  92 108 134  91 
 65  58 117 185 176 114 155  51 183  28 180  16  57  78 165  99 154 160 168 152 120 198 128  35 161 159 184 144  99 162 
171  26 104 178  86 118  12 183 112 140  38 172  45  62 161 132 160 110 102 140 124  25 185 102 117  84 150  24 166 114 
152 130 120  69 165 122  75 155 192  10  72 125 118 134  58  65 104 115 105  40  64 190 126  90 198 104 170 186 148 186 
158  28 160 142 147  64 147 194 183   8  68 174  32  93  27 198 186  55  64 133  34  84 145  51 136 194 117  63  54 140 
129 160 165 119 155 194 198 145 104  35  88 111 115 120  70  45  98 138 169   6 148  62  49  40 148  88 136 185  85 100 
 32 119 130 122  22  94 144  56 141 133 102  34 185 172  95   8  98 114  18  82 120  87 184 172 159  93  35  38  10 190 
 66 136  90 128  50  80  26  16  39  98  60 183 112 117  50  99 156  35  68 144 188 115  39  52 136  14  94 146  90  99 
132  12  32  40  72 168 128  18  98 170  80  30  42  82 125  65  72  99  96  32  32 170  52 117  39 171  42 100  50  16 
110 170  33  14  92  18 145 147   8  99  65  57 169 133   9  18 166 162 112  91 117 152  51  87 125  96 119  78   4 169 
 80  20  60  92  49  78  22 120  16  48 140  98  72 110  24 148 175  80  64  14  65 161 117 133  42  48  84 155 136 138 
 87 187 154 166 182 169 108 174 141  88 120  74 126  95 121 143 168  82  22 187 161 178  15 132  93  42  14 195 122 165 
148  54  52 145 133  33  62  117 168 111 172  55  93 186   9  57 110  34 171 124  39  39 156  65  66  70  84 140 178  78 
 80 123  32 162  28   9  42  38 186 150 196  42 147 133 108 140  60 192 148 104  88 174 118  76 110 119  62 153 150  32 
 64  81  86 172 196 132  94 135  58  44 134  90 121 118  69 125  74 170 150 150 114 189  74  117  95 134  10 126 189 153 
178 119  85 102  21 175  20  70  58 138  20 160 159 140 165 117 172 184 144 158 185  99 164 154 187 183  87 126  56 104 
110  93  24  10  18  66  55  48  28 160  64 106  82  49 117 134 175 143 189  68 117  30  56 135  85  46  92 153  48 146 
 94 188   6 162  84  12 111 117 152  76  48 110 144 126 161  22 138 129 119 176  15 123 144 161 117  93  117  55 138  35 
 36  46 108  18  52  72 121 112 186 152 128  63 136  94 146 187  96  48 176 119  68  18  54  42 141  70  57  40 129 168 
108   4 132 172  25  26  74 165  49 145  75 123  46   6  85 158 190 115  78 189  16  44 129   8  42  81 124  46 144 162 
 16  35  117  66 135 196  50  14  57 146  32  82  95  35 150  10  28 146 102 175 161 195  63  16 120 132  51 196  14  27 
 99  57 158  30  20 168  78 166  54  81  84  65 117  62 144  117 147  95  93  15  99 175  45 100 110 152 110 186 125  49 
  4  51  38  69  25 104 123  70  45  33 189 119 154 155 145 159 153  21 192  93 165  92 143 147  42 164  95  42 152 188 
 76 164  27 160 165  40  99 108 106  52  68 168  93 115  39  93  54 153  46  20  48  95 188  20  49 194  58  117 153 175 
 99 165 141  66 144 123 175  28 123  84 195  81  28  24  40  66 104  39  62  22  80  98  69  21  50  44 188 190  39  72 
147 123  87  84 125 124  65  81 122 119 180 147  44 171 136  40  30 111 116 147  16  60  95  52  86 117  64  90  69  66 
159 136   4 115 150 186 123  54 122  60  54  26  66 185  26  70  20  49 121 178  48 170 118  93  50  36  86 120  36 104 
141  25 165 124 116 121 161 198  14 111 123 100 142 160  60 150 159 176  39  58  12  22  46  99  21  57  52 162  35  98 
156 186 125  63  63  32 152 166  98 176 192  80  68  98 145  57  66 168  87 153 164  10  64  84 138 186  84  46  57  66 
