10 15
838 69 799 105 44 362 905 914 601 727 65 392 195 982 335 
246 325 513 95 792 973 818 165 10 675 952 92 190 469 364 
567 368 454 7 703 591 48 86 695 32 755 118 762 974 465 
746 387 950 967 935 998 334 933 698 913 438 170 814 885 758 
925 923 144 286 731 695 542 510 511 395 932 323 645 501 822 
88 840 687 115 355 37 336 835 177 549 297 789 628 328 625 
646 592 4 790 554 662 767 153 180 837 685 168 768 316 403 
801 486 178 672 147 492 301 334 74 700 531 485 530 872 754 
271 972 176 352 913 660 58 220 206 39 232 354 858 489 635 
307 150 585 56 488 377 798 780 636 779 52 865 844 669 894 
