78 76
175 136 134 173 143 112  88 171  65  21 158  90  20 104 155 155  24  33  90  95 100  91 136  95 121  56  86  27 116 145 147  21 196  88 144  91 124  39 166  87 108 177 187 105 129 115 104 178   9  60 185  65 146 158 130  87 129 153  58  40 194 114 169  62  63  56 105  12  12 115 118  94  28 160 119  85 
173 164 115 173  77 189 130  39  42  85  65  75 104   9 140 172 119  27 130 144 152 128   8 114 141 130 112 165 135 198 111 172 187 178  45  20  65 175   9 170 114 119 125 110  65 138 108 130 140 124  34  85  87 119 122  55 120  63 178 111 194 122  21  88 168  58  27  60  72 165 169  22  68  99  84  50 
164 152 168 115 195 183 115 102 184   6 187 100  45  70  82 144 169 190 152  27  52 120 143  69 146 172  52 150 176 155 148  90 100  93 135   4  77  18 135 119 115 136 129 176  28  87 187  98 156  35  65 186 135  34  50  93  81 165 119  25 148 102  78 112  48  22 147 152 183  70 141  60  81  51 160  10 
173 122  36 192 132 145   8  52 180 198  60  56  64 126 136  10  72  39 198  39  46  36 140  96  15 108  76 104 180 122 136  74  65 169  51  62  74 135 100 192  68  78  57  72  42  95  87  16  28 100  98 153 152 172 178   6 183 150  33 194  64 174 141 140 128 126 118  90  50  14  76  44  24  10  78  85 
 65 160  93 169  34 120  84  38 100 140  49 136  44  54  12 125 168 186  30 184  60  57  38 122 141  57 121  94  63 118  27 140  58 126 194 169 106 141 135   9 194 140 164 122   8  76  20  99  35  91  40  25  34  10  45 143 159  50 121 169  25  57 148 168  18 184 189 124 135 182  27 152 148  21   9  84 
 65  49 164 106 126  12  46  81 143  39  95  56  55 161  10 170  60  90  85  40  92 141 146   6  90 114  62 164  63  57 198 194 178 138  74  85  64  51  77  77 182 116 143  81 150 141 152 156 153 134 159 100  21  45 178 122  25  69 128 119 102 133  60  39 130   6   8  69 156  86 123 147 183 147 134 119 
187 189  39 120 183 110 112 186 138 190  35  15 156  35  15 160  49 110 148 145 123 183 166 183 198  24  95  38 161  78 102 192  94 130 146 142  54  10  50 121  78  82  78  74  44 130 156  62  93 184  45 121  36  40  64 125 117  63 144  50 126  44  52 112 180  20  26 178 128  69  21 198  85 135  68  57 
168 198 120  27 134 174  38 136  34  90 122  38 190 112   4 164 147  22  82  26  84  88  99 164 184 102  64 185 123  57 126 166  63  56 152  22  54  78  57 141  78  39  33 132 116 195 196  58 164  69 130 140  34   4  35  54  15  86 141 114 168 160  42 112 100 133  14  42  69  74  57 118 133  98 152 177 
196 192 135  52 135 124 112 110  72  72  22  63 159   9 166 182  49  63 161  14  56 159 174 134 186  48  10 136 123  26 159 110  57  81 106 171  76 133 129  55  62  62  91  49  16 138 121  98 108  99 171 144 152  55  72  35 150  16 172 111 112 114 186 111 129  78 135 194  15  87 162  33  50 132  15  98 
192  36 108  38 115 171 148  22 126 126  48   6 102 185 111  90 152  90  84  58 117  99  93  15  38 120  26 115 121  87  77  96 174 175  70  32  52  98  68 114 136 171 172  99 180 120  60 187  77  21  86   4 125 128 130  16 171 146  20 142 180 122 138 176 174  64 141 145 120 162  34  72 123  32 116 138 
136   8 112  86 155 172 183  15  77 170 178  50  40  25 124 169   8 123 155 123 142  76 129  69  39  30 128  55   6 187 138  55  40 196  52 169  12 120  26  81 166 152 172 120 180 138  24  95  85   8  90 190  94 119 171  39  96 160 172  50 132  96 112 102 172 192 104 169   6  50 194  44  98 147 186  96 
 45  93  77 120 122 130  63 169 148 145  22  86  94 147  52 170 186 138 152  90 158  96 111 196 146 162 112 150  32 115  24 170 178  96  42  57   9 171 100 114  26 102 128 125  16  70 174 185 129  63 134 114 182  91  54 164  45 177  74 164 192  85 183 111  33 182  66 196 116  16  94 170  74 188 123 145 
 98 160  90  57  57 174 108 196  85 154  76  42  33  32   8  35 123 184  69 125  54  30 192  27  20 168 126  63 106  76 115  99  16  98  82 183 162  14 105 182 152 178  14  72  16 169 142 171  66 183 198 112  75  55  27  68 111 111  26 165 105  88  40 102  76  55 187 183  60  20 158 164 171 183  40 135 
121  12  85  69  46  90 133  72  65 180  99  81  96  94 150  12 174 172 192 168  20  34  92 146  63 114  25 121  21 124 188 176  14 142  52 154 155 159 189  63  28  88  95  63  20  14  87  96 122  58 162 119  88 165  86   8 121 128  84 170  15  66 158  20  51  48  24 196 155  32  92  63  74 121  63  15 
 28  40  65  32  10  56  95 144  36  52 180  22 160 120 146 110  45   4  62 169  98  16  38 106  93  36 136 183  39 169  68 121 146 170  72 195  69 192 161  27  91  87  15  99 128  44  76 117  68 174  81  62  77 170 138   4  49 148  28  48 102  44 154  48  77 102 112 123 112 150 115  80  78  81  25  99 
130 198  39 120  80 185  77  32 170 190  64 124 135  66  98 119  74  55  48  36 158  32  84 108  80  63  16  42 115 142  22  27  68  86 183 146  93 170  78 154 177 147  38  65  88 116  32  55 164   8  70  66  87  27  12 176 159  68 147 147 190 119  28 100  27  85  16  98 124  93 100  64 171  85  88 153 
 30 141  76  38 136 192  51  64 195 177  12 180 114 174 129 185 133 174 129  88  44 190  87  22 185 111  72  90  25 186  91 145  77 121 126  94  60 141 146 168  84 105  49 169 150 123 128  69  20 169  21  65 136 117  15 135 135  34 174  84  28  76 161  75  64  94  54  90  36  34  10 100  68 133  92  86 
104 121 187 170  25  80 174  21 169 189  51  52   8  94  39  85 144  91  81 123  72 120 158  57  38  93 196  22  88  92 146   6  46 187 126 132  15  92 115  26 114  44 176 135  91  27  18  96  33  55  92 133  96  64 140  51  42  81 195 156 184 172  68 156 144 121  57 178 185  93  44  74 112  75  49 112 
120  75  28  74   4 176  49 183  65 119 118  26  52 184  72   9 119 168  93  14 194  85  88   8 143 133  58 177  68 108  55  86 153 130 143 175  95 159  94  51  27 129  49 166  36   9  96 132  86  96  91  80 105  78  96   4  98  60 114 184 108   6 128 189 155 156 165  30  91  80 175  88 171  87 105   6 
183  30 128  16 133  91  26  74 120 194  60  70 138 120  32 177 138  52 146  69  56 106 100 154  32 187  75  78 114  20 177 176 135 178 190  27 146 119  18  24 172  58 152 142 126 153 190  80  57  10  42 172 161  18 146  46  91 100 121  45  57  50  94 120 161 192  72 111   8  77  88  39  22 106 110 111 
 55  92 196 198  50 125  64  39 189  39 102 155  28 100  33 166  94 159  49  66 158  40  96 188 160 132  54 118  74 132  50 116  84 112 124  68  86 133  74  94 166  66  81  64 124 120 150 160  22 165 126 166  52  84  90  92 114 143  36 121 180 161 161 145  68  88  77  48  18  15   9 166 102  48  30  93 
 74  81  35 125  32  44 155 125  28 146   9 110 136 100 147 148 118 178  85 170  76 161 146 126 192  54  70 114  93  34  77  87 177  78 194 162  26 166  56 152  81  93  86  91 156 124  55  63 153 171  98  10  27  42   6  85  98  55  96 168  48 130 134  55 160  62 162 123 155 154   9  63   4  51  86 180 
 14 159  12  46  48 114  80 194  57 117 182   8  92 136 118 144 171   8 123  62  42 168 111  60 102 136 126 180 135 198 102  22 118  75 132 102  90 116  46  75  27 161  68 117 165 119  49  40  32 122  68 184  49  52 187 188 198  42  48 119  42 115 188 105  40 174  99  86 178 123  12  94  44  68  84  76 
198 154 171  44 110 164 188  45 171 166 140 125  77 160  42 133 110 178  14  92  56 166 162 175  10 144  80   9 175 122 155 135 189 126  42  26  38 184 133  76  21 190 177  88  12 105 121  30   4 184 115 170  52 176   9  70  52 161 188 198  22 132  78  69  99  72 106  78  64 187  74 171 198 183  57  45 
114  74 116 180  70 174 161  86  87  21 194 112  66  26  28  30 130 160  64  24  98  93 114 189  69 175 145  26  70 166 100  21 111  62  44 138 133 150 114 105 124  18 192  70 106  68  82  57 142 112 153 145  90  91  10  18  76  82 152  58  48 170  36  45 158  27  81 153 146  56  57 104 136 183  94  35 
 28 186  20 144  65  77  75 165 161 133  63  39 128  66  15 182 132  14 104 198  55 165 123  45 115 166 100  95 134  81  98  22 169 141 110  74 194  36  94 138  95 189 188  60  87   6 178 180  20  81 195 134   8 180 123  44 116  88   9 141  18  44 132  77 114  74 195  55  91 150  52 135  35  57  81 156 
 57 130 135 198 142  94 171 155   4  75 184 145 105  60 196 162  65  75  75  66 188  84 144 105 117  65  62 104 112 110 116 104 147 106  75 105  15  92  76 186 115  68 171 172  36 130  99  92  12  16  87 169  93  72 115 183  24 129 108 129   8 150 152 186  64 141 121  18  21  34  70  99 142  51  69  36 
158  99 128 175   8  46  95 123  39  82  63  58   6 190  64  84 160  21  44 146 145  88  91  65  56  35 119  21  69 150  94 171 150 117  25 102  51  91  44 184  94 104  65 168  94  14  27 138 134  42  98 155  57  78  14  40   8  94  42 147  26 130 136 102 186 144 171 136  35 171  80  54  14  66 145 194 
 69 144  55  65  99  15 158  62  65  21 128  45  65 188 141  49 188  95  12  30 192 133 158  12  92 102 121 155  77 133 119  62  15  25 198 161  10  26  63  84  45 164 172 114 102  38 129 118  38 123 140 152  28  28 144  54  84 182  46 183 195 150  16  30  75 136 171 188  54  81  75  33  66  87 155 170 
189  15 125 128  12  55  26  75  86 158   9 146  55 117 102 128 120 178 159 132 160  27 152  81 118 121 133 159   4  26 171 138   4  77  82 164 100 169  22 102 176 159  54 141  86  20 168 136 196 133 123   4 106  80  74  46  65  70 117  12  51   4 105  91 174   4  54 172  45 195  10 117  42  58 166 166 
170  98  84  75  14 133  44  34 112  76  85  72 132 119 196  66 141 105 144 192  36 146 187 192  96  12  40 189 126  57  33 158 117 192 165  24 177  70  62 145  57  95 104 186 192  60 178 117 166  84  51 132 148 130  76 106  69  40   4 160 189 125  60 178  60 190  48 188  10 152  96 142  76 183  96  25 
 51 116  92  15 190  93  26  24 125  40  28 128 105  32 140  54 104 124 194  58 111 128  18 132 115   6  68 147 126  98 188 124 147 123 155  88 123 154 172  72  69  54  36 119  92 118 112  57 198  62 122 168  60 170  60  62 172   4 128  92   8 168  16  46 105 147  12  14 141  70 143  56  51 140  40  91 
 25 135 169  85 105  52 138 125 102  93  44 190  69  18  21 185 156 146 117  66 155 105  78 112 172  91 108  33   4  49 146   4 120 158  46  93 154   6   8 195 114 177 158 153 189 186  28  95  38 105  18  90   4 180 141 143 176 117  10 155  92 152 104 118  24  48 123  52  92 177 147  91  45 150  10 155 
190 183  99 135 142 164 168 175  99 136  21  25 143  39 175 175 177 187 110  72 115 169  34  90  20 146  18 112 176 141 154  85  57 122 156  39 106  93 135  54  63 100 158 110  10  27  95  28  32  38  40 141  38 186 159 102 170  60 195  74 172  20  38 169  88 116  75 100 145  63 100 143 120 110 178 142 
 96  77   6 186 180  96  39  30   8  33 169 195 170 188 188 148 150  50  98  94 104 153  72 194 124  46  25 133 153 196  54  25  12 135  44 177  30 138 189 154 183  45 160  36 185  96 164  42  54 195 162  95 115  28  64 168 183 120  80 136 130  96 147  24 146 196  33  81 133  90  28  75 172 187 133 153 
160  75  58   9 176  81  68 180 118  87 136  27   4 158  22 154  35 118 182  52  26 145 166 132  26  20 121  86 124 192 175  95 168 119  33  72  22 148 143 100 150 138  77 142 114   6  45 133 165 132 171  26 170 174  75 135 133 121  26  33 172  88  46 155  74 135  33  58  26  58 158  78  42  64  51 192 
166  94 145 165 119  42  74 187 158 174  52  63  62 120 148 130  92  78 187 180  20 108  15  58 169 195  90 185  49 183 164 145  56 166 126 165  24  40 169  91  38  35  45  45 156 115 106 170 130 138  69  62  98 171 195  55 111  82  33 180 155  44 192  33 115  24 126 146 129 138  65  65 138  10 160 105 
169  38 136  85   8 155 132   9 174 122 186 188  40 192 178 187 184  77  68  21  34  69  44 187 119 165 168 183  18 155  39  68 111  54 118 144 120  38 123 148  90  57  72  51 140 145 141  98  36   4 156   6 187 106  57  12  98 176  15  46  15  69  77 136 153 189  57  58 104 100 192 147 134 156  39 187 
112 140 172 122   4 188 184  63  46 192 122  81 154   8 182  95 168  88  78  48 177 185  39 108  99 126  54 143 166  68  18  28  35  24 183 170  66  94 126  88  35  98 132 134  12 108 177  82  28  68 198 192  68 120 170 161  56  65  93  10 142  16  21  94  15  27  32 140 192 132  80 100 195 115  98  36 
 46  26 144  33   8 188 138  82  88 114 165  28  63  68  39 145 135   9  34 130  45  48 136  85 138  44  82  77 144 166  78 192 133 106  44 150  15  14   8  82 102  95  20 162 100   8 152 104 108 130 146 171 110 186 148  60 180  95 124  64  14 188  95  25   9  99 111  81 177  36 130 150  80  70  42 118 
154  95  82  95  32  60  93  91 121 165  63  35 171  75 116  26 136  58  96  30  80 164  34  21 123 129 178  57 123  94 128 161 115  75  32 111  76  65 190 166  40  18 112  93   4 161 188  58 102  74  70 164  88  18 196 183  48 115 129 133  78  49  66  36 184 118 192  45  55 138 184  82 111  77  33 198 
 49 177 105  18 128  51  88  34  72 134 172  54 114  62 164  38   8  94  82   6 122 102  84  51 146 186 128  56 118 198  50  90  51  86 119   6  52 192  81  77  80  28 159 160 140  62 159 140 174 158  64 164   8 145  15 183  90 134 156  50 115  58  20  52 122  88 178   8  25 160  98  63 128  15 192 156 
189  21 182 129 165 196  81  70 196  21   4   8 128 198  16  62 123  48  34 100 171 145  60  91 124 147 194  24 128 158 186  90 124  77  63 194 129 117  58 133  90  52  21 186 169 192 190 147 148  77  51  51  20  57  77 162  27 136  82 187 147 146  10  35  21  62  40 122  96 184  49 141 189 187 134 110 
 55 141 119 177 161 153  65 144  72 132  78 133 145  86   6 192  87 182 102  52 102  55  26 135 122   4  58 171  62 115  95 194 187  62 164  55  35 160 158  57  99 175 115 168  68 161  36 177 184 158 171 175 180  96 172 118  77  58 176  40 196  95  96 108 150  42  14 144 104  84 183 144  42 141  78 129 
 44   8 183 174  86  86  33 180  18 171  39 148  65  69  27  26  21  78 126 138 184 123 156  45  54   9  80 145  92 122  68 161  22  93  34  68 146 158 133 144 136  10   8 136 168  68 136 172 174 125 134 132  77 141 108  51 189 164 132 153  42 195 160 141 160  50 134 129 140 138  33 188 122  91 148  72 
 64  87 175  46  50  88 196 104  65 132 128 104 166  21 124 128  70 102 105  15 150 134  65 115 198 125  74 164 176 166  25 188 140 125  32 140 177   8  55  72  21 130  54 108 185 120 155 106  15 110  49 185 136  28  64 130  96 142 164  48  20 189 108  14 124 183 162  20  98  80 102 171 176 152  50  81 
147  57  15  46 161 154 187 166 186  96 161  80  70 177 125 192 155 108 155  64 162  88 105  50  96 108 114   4 194 178  45 133 121 118 123 129  92  85 121  95 185 171  63  80 133  45 196 155 150  35   4  93  16 112 141  85 187  22 170  96  84 125 118  40  12  94 143 165  54  42  96  62 156  55 102 196 
117  56  51  96  21 183 119  90 108  74  74  78  93 146 155 141 172  95  78 198  75  27  14 125  14 114 121 187 122  69 135 115  82 128 185 136  77 126 152  80 156  46  75  38 112  14  72 102 182 102 188  78 184  72 170 158 102  21  36  63 126 129 116  55  42 112 169 106  33  32  96  76  57  51 119 130 
 88 184  34  34 122  96  77 164 164 176 183 100  63  20 143 170 172  12  75 112 136  92  34 158 122  70 171  84 143 170 166 138 188 115 147  86 144 170 180  22 166 153 172 116  50  88 145 196 176  94  26  51  35 112  56  72  16  77 166 106  80  99 182 156  46  91 100 125 183 119  44  88  69  94  64  74 
106 146  93 110   4  14 142  84 138 124 158  49 154  46  95 187 147   8 195 108 150 155 114  51  10   9 196  96 192 136 141 190 114 110  64 143 166  95 198 111  54  22 135 138  36 184 100   4  55   9  54   8  30  80 125 146 141  44 145  48  25  92  85  85 123  52 182  94  93 178 147  58  75  86  72  25 
 18 142  36 194  10 119 115 147  57  66  52  78  66  38 172 166 121  26  85  30 160 125 145  69 133 182  52  32 164 126 122 159 169  10 166 142 122 177 141 198 176 168  25 136  92 128  33 133 106 147  85  54  92  88 175 105  48 172 136  22 164  16 178  69  33 106  90  62  66  22 108  85  50   8 162 161 
 55  77  78  74 128  10 184 196 108   8  65 182 117 118  81  44  88  28 135 182 172  96  28 155  64 192 115  74  42 102  68  94 145 188 145 170 182  32  84  58  82 143 117  16 177 105  33  34  94  66  82 153 126 196 159 133  44  33 169  20 120 119  87  39 194  34  82 152  48  39  63  82  15  42 159 190 
 14 125 122  58  10  74 189  35 175  42 140  28  56  81 123  86 105 147 100 140 160  70 186  84  50 100 106  26 162 155 190 161  15  91 166 165  69  68 132  76   9  38 160  52 110 108 177 111  57 196 122  27  30 180 155 153  96 144 153  26 129  72 144  38  70 119 142  85  32 184 129 110  56 185  55 196 
 81  70  22  75  52 114 174 124 108 112 108 145  77  95 145  70 198 170  98 177 123 187 153 152  39 166 159 140  56 100  15  25  12 177 123  35 164  54 198  35 141  18  51 184 118  24 102  45  26  68 125 195  68 146   6  10 186 192 196 171  86 122 145 143  26 178 153  18 143  26 130  81  94  25 186  72 
187  50  34 117  18  81  78   4  20  16  33 160  86 190 146  75 146  66 128  18  95  78  15 120 123  99 122 133  84 115  68 194  96  82  34 145 141 169 158  34   9 146 187 135  26  66 126  88 190 117  56  21 156 110 117  75  35 130 142  91  38 147 161 108 158  87  44 123  62  38 195  39  85 116 130  35 
152 150 143 110  54  27  28  65  65 182 133 134  96  96  64  94 160 192 129 158  82 196 165  90 110 150 156  63 147 108  38 123 119 140  62 168  21  49  64 190  75  96 100 138  33 155 156 175  87 158 116 169  51 141  96 108 125 114 152 169  40 132 130 171  14 196 146  26  32 126 128  93 143  87  68 105 
122  42 156  66  33 171  49 143 155  92 184  68 128 130 189 184 168  95 170 174 111 143 198 156 150  84   8 182  33  38 169 178  92 154 133  57  90 133 134 185  80 148  75  24 114 189  35 114 111 178  50  28 166  94  25  51  18 118 194  70  96 158  62 138 120  49 116  62 119  33 195 183 185 154 134 133 
144 120 120  16  56 108  85  92  16  52  22 188 116 102 142 115 171  94 140 171 144 114  66 115 166 133  14  38  49 114  25 134 126  88 196 195 148 122  81 187 177 144 169 150  81 150  60 115 159  18 153  92 170 108  69 118  55 106  18 166  10  15  92  49  87 144  84 146 153 146 144 162  72 165  98  94 
121  66  32  44  26 194  85  86  51 170  26  96  24  78  70  57 188 185 108  81 196  91  15  48 116 172 126 180  27 128  80  82 133 132 166 160  82  80 152  96 195  99  84 153 132 186  72  74 165 195 195 154  35  64 134 194  69 161 150  81  99  98 104 145 132 195 168   6 196  24 124  22 184  74 132 124 
  8  34 178  36  50  54  27  57 182  91  75  14  72  39 141  32 185  68 116  34  75 198 170 145  84 132  57 192 123  52 190  20  86  78 120  85  52 166  91 118  10 182  65 184  90 102 177  26  35 168  88  80  86 186  80 118  63  63 118  62   9  81 106  16  88  45  33  62 170 166 169 161 159 154  56  36 
 26  87 198  42  75  50  27 123 120 136  70  56 161  24  92  96  90  26  78  62  18  87 110 102 126 160  42 124  18  34  42 105  84 110  76 148 100 188  85  75  15 182  93  35 125 196 160 154 156 124  15 175  81  18  49  46  10  46 123  12  72  45 165  35 176 186  92 182 152 140 129  22 114 182  66  63 
 86  36  40  69 134 178  27 187  60  90 133  51   6  26  38  44 135  14  45 178 128  96  63  15 111 116 136 154 177  65  51  27 134  45  33 187  50  45 159 198  85   4  52   8  51 147  85 180 174  36 132 140 135 159  49 183  38 111 187 115  94 194 120  35 100 196 129 141 145  20  68  28  26  91 158 152 
 25  99 146  26 115  42 169 185 136  99 100 172  85 138  63 135 102 159 140 188 176 106  80  64 115 135 122  46 122  38  74 104 143  10  22  35  50  69  50  90 105 171 144 162   8 118  33 178 116 183  81 114 178  42 165 183  33 130  24  72  56   6  86 156 138 142 150  33  63 144  14  81  99  14  22  25 
120 154 142 150  93  77 180 189 119  27 111   8  69 100 128  81  65  52  10 171  72 114 178 174 112  35  75  56  50 105  33 148  93 133 187  68  49 188  93  28  72 189 171   8  91 186 183  96  81 196 117 160  66  36  35  68  32  57 188  35 133 188 183  99  82 126  86 164  86  28 116 133  36  52  42 185 
160  88 129  38  54 119  66 164  46  38  63  49 196 154 153  54 118  82 128  82  94  85   6 175 130 194 123 141  74  39 124  22  76 132  90  20  27 171  15  15 156 189  28 111 110 177 112 195 111  65 165  86  63 132 116 174 171 198 162  75  15  91 147  50 160 145  56 171 154 104  94 144  42 141 129  98 
124  91 188 142  15  77 118  77 159  49 153   8 133 184  57 118  52 110 192 190  94 129 100 176 158 132  87 155  74  12 175  60 165 189 140  76 154 156 135 174 189  32  86  22 138 128 162  27 104 140  34 106 118 126 153  68 187  30  24 198 189  77  69 112 189  22  44  27  36 160  60  46 145  68 192 117 
177  58 194  84 100 145 183 108 122 135 147  82 119  98 192  39 134  78  20  57  25  55  68  63 170  35  88  78  26 176 145 122  56  26   6  96  82  55 185 164 128 178 195  28  87 177 171 162  42  38 161 132 118 171  34  20   4  62  14 169 121 125   4 184 143 155   8 192  21  54 146 198  26 122  65 124 
 48  86 183   8  14  62  22  55  16 125   9  76 147 158 184 120 140  26  16 116 169 155  45 132  22 187 187  24  49  30  86 133 180 102 100 172 134 135   9  18 134  54  68  60 161 119 164  28  50   8 196  50 124  39 171 171  94  74 140 120  40  34  82 162  87 150 102  92 188  35 164  86 166 150  10  24 
143  64  34  93 142 189  54  12 159  51 164  35 141  38  91 106  62 130  50 148  25 153  62 135  35  32  78   4  93  99  80  50  40  34 153 100 168 196  35  48  65  96 187 196  92 130  70  30 152 121   6 187  65 123  70  45 158  87 105 140 126  32  74  70 132  94 198 158   6 183  64  54  66  44 174  58 
 66 129  33  36  42  84  94 129 192 108  45  60  42 156  20 148 124 126  55 112 112 162  72  57  27 141 130  88   6  25 185   6 183 141 141  33 147  74  63  26  42 192  80 116  15  30  81  98  68 177 194 134  88  76  51 174 189  91 165  78  91  48  12 106 100 176  84 116  90  92  86  22  85 198  42  66 
 44  95 190 120  81  24 170 125  93  34 115  78  60  52 159  28  33 112  91  35  88 142  14  16  90 188 135   4 147 148 160  66  45 192  24 178  75  66  34 166 120  44 190  80 126  95  46 190 111  45 144  21 141 130  16 161  10  32  86  49  28  40  22 104  74 106  38  18  84  94  35   4 192 148 178  80 
 87 105  99 159  88  62 135 100 135 165 164  66 171 133 162  99 194   8  63  51 124  10  86  22  32  80 134 178 187 153 177  58  57  65 158 196 134 112  15  52  78  69  40  48 184  76  46 122 121 160  94 130 112 168 186 122 153 129 164  64   9 152  99  62  56   6 187  57  44 142 160  75 140  54 154  16 
 30 168 106 172 144 112 195  68 180  92  10  18  91 171 141  74  88  52 124 160  55 124 106 135  32  55  98 136 143 180  22 165 185 123  60  94 155  69  10 194 192  52  51  33  21 184  70 192 154 150  56   8  94  68 108  99  64  49 152 140  33  26 124  12 196 165 128  64 185  56 144 141  24 195  44  12 
104  42 128 183 114 115 178  86 126 146  35  92 111 102  35 172  52  99 115 134 148 119 176 124 123  68 128  66  51  27  16 189 183 171 174   4  30  46  70 123  22 190  18 111 132 159 130  54 159  78  93 129 130  99  18  16 177 138 152  20  84  14 115  35 100 148 182 144 147  28  15  44 189 144 162 105 
121  40 121  63  88  52  38  12  35  93 175  14 122  99   9 170  14   9  27  80 182 190  78  49 188  14 116  45  36 102  87  33 164  96  42  87 102  72  65  76 152  46 150 194  87  90 147 100  18 171  92 106 128 148  75 146 105 116  39  32 150  48 174  15 148 146  34 141  10  86 180  58 176 178 164 196 
144 180  81  24 147 105  51  58 138  84 147 133 180  66  35  48  82 165  78 123  21 120 158 136  25 141 110 136 150  86  44  90  65  66  10 138  82 180  88 129 180  95  62  45  40 172  22  80 158  32  87  94  85 156  28 192 188 175 126 106  44 129  86  87  82  33  64 153  16 194 136  44  60 164  48  35 
147 134  87  58 198  16 147 185  24  34  92 195 185 143  69  16 114 100 146 164 128  62  91 180  58 185 171  46 187  49 178 129  77  38   9 118  63  88  38  38 125  58  98  96  21  88 138 159  80 196 166 170  27 143  91 165  44  65  68 106 186 110 133 110 186 135  86 161  12  28 148  88  24  32  78  98 
156  70 140  42   9  75 146  88 166 122 190 143  58  77   8  99  62 100  86  92 117  34 141 126  95 183  57 108 165  26  32 114 120  14  15  44 142 140  82  38  44 136 136  78  82 168 168 141  46 148  93  57 198 102 158  92  27  33  81  91 122  62 110 153  22 115 124 114 106 182  69 170  32  12  30  51 
