87 79
166  91 123 164 135 105 192  91 143  87  66  87 115 124  72  95  15 156 190 141 186   8  36  85 189 168 190  51 146 159  48 115  27  96  78 116 111 195   4 176 142 117  84  50 120 170 190  94 130 194 168 188  35 176 124  84 171  35 156 136 122 126 128  88  50  80 178  52  38 178  36 184 160 115  49 114 128  85 129 
166  35  27  84 154  24 177  70 122  30 164 178  82 153 146  51  96 183  99 175  36  39  55 168 111 154 161  39 152  66 180  80 177   9  36  98  62 118  76 155 180 102 183 124  60  65 172 117  75  22 106 169 102  84  54 171 188  92 117 117 132 120  20 111  42 124 143 117  75 124  45 184  98 162 180  72 166 169 160 
 56  20  87 124 135 189  96 119 128  44  50  34 105  55  96  84  18 155  42 141 176  20  14  54  85  87  87 104 117 102  33  58 146  69 138  84 134 145  74  66 134  99  77 182  80  94 121  94 145 159  84  87 168  15 178 198 153 198 133 172  77  46  24  56 148  62 161  14 123   9  22 116 156 120  96  88 183 111  46 
182  64  55 165 172  84  81  21 182 187  34  15 120  15  92  57 178  62 183 183 192  51 168  54  30 126 154 148  78 196  51 135 143 138 153 150  21  44 124 188  35 123  22  52  26 133  35  30  56  27   4  33 160 183  49  20 160  76  65 136 189  91 117 117 168  75 126 114  33 123  52  40 170  66  68 174 164   8  91 
134 105 196  64  66  64 189 125  24 121  63 152 128  68  34 166 193  65  193  86  45 155 100 124 122  64 155 159 177  92 117 153 142 126 148  10 120 176  10  72  72 186  33 138   4 104 198 177 110  18  21 183 108  75  65 143 183 124  76 174  28   9 180 175 194  90 145 119 160 155  15  57 108  65 156  56  70  65  60 
 48 168 172  25 184  72 102  94 172 196  21 146  26 111  55  57  62  99  96 160  45  35 166 143  81 105  20 146 185   9  87 143 102  84 124 108  51  58  35  87  32 104  85 129 150 130 134 134  98 136  12 115  39   6 198  69 130   9  70 184  91 129  55 170  14 178 116 155  77  24  70  50   4 194 192  66 156 104  96 
185 102 192 140 106  25 196  25  15 154  15  75   4  22 188   9   9  86 193  72  52  88  77  69 122  28  25 155 177  56  39 195 123  16 128  85  88 175 161 176  25 140 168 145 172 159 174  18 122 118 150  88 134  60 180  70 125   4 140 125 145 117 168 141 194 184  35  10 138 118  28  54 138 116   4 153  34 150  32 
 16 192  56 123 158  46  14  45 130 132  10 134  22  26  69  193 116  22 185 130 198 100 144  99 185 125 171  90 100  72   9  51 192 130 142 158 126 123  84 186 105  54  56  15  86  38  18 132  72  56 196  12  35 158 104  32 189 123 121  42 180 198 192  25 134  77 153 190 170 121  38  44  25  84  70 175 158  46 146 
 57  66  84  63 144 105  52  52  81  55  81 115   6 165  93 194  46 119  80  90 156   9 105 123 121  50  20 110  84 129 102  69 119  46 198 186 136 161  96  93  46  60 116 183 155  15 159 189 164  92  76  70 195 143 117 152 178  78 174  49 188 150  10 143 160 147  57  16 184  66  20 110  10 112 166 138  80 153  81 
 35  65 129  99  95  40 128 184 100 132 105  82 120  63 171  35  64 175  78  90  90  98  33  78 134  15 148  76   9  69  15  10 134 146  56 166  56  18  94  81 130   9  93  34  14  94  49  16 145  91 170 171   4 186  81 198 148  70 172 141   6   4  27  82 148  94 150  38 175  27 152  32 126 175  32  65  99  87 120 
175 153 120 100 148  85  55  80 176  54 122 170 116 178 122 182  25 190  72 183 175  72 165 183  52  30 152  65 187 195  55  28 168 108 156 180  30 166  45   8  42 132  76  91 187 106 192  72  16 175  72 143  80 115  68 122 112 186 165  20 116  75 168 108 141 111 138  76 136 161 140  52  92 156   9  42  77 118 147 
153  38   8  68  88  57  44  66 164 155  49  16 164  30 115  74  50 147 190  68 195 126 177  24  90  27  80 135 143 114 128 152  42  15  49  85 120  14 192  39 132 186  35  10 141 169 185 121  22  96  93  82  84  98 142  26 102  30 175 183  62 115 118  90  98 156  68 178  26 196  25  58 178  49 142  57 112 117 161 
168 116 184 159 148 172  18  32  28 140 118 114 143 168 174 160 183  56 154 196  54  63 100   8 125 108 155 180  85  40 187  22  90  12 146 195  50 175  21  80 134  77 117 132  22  80 122 196  20  91  33 195  94  51 110  21 129 124  49  10 188   9 142 136 164  10  18 128 123  66  40 141 146  81  10   9  68  56  36 
174 147 135 144  86 116  44 178 153  45 189 188  87 122 187  21 138 196  78  45  50 156  64 126  94  93 171 180 168 177 159  96 190 114  82 128 125  92 183 160  66 121  44 196 106 174 198 117   8  20 159  45 170  33  57  91  36 171  24   6   9  99 128  58  24   4 160 168 166 175 161  91  58 114  70 171  46 176  42 
172 118 117  92 142  90 122 180  74  14 110  92  32  30  32 153  74  80  55 148 196 100   4  39 161  49  58  69 110 111 152 119 198 182 122 174 110  92   9 134  74 116  27  28 123 114  66  65  48  62  51 136 146  21 155  16 158 180 171  90   8 145 192 161 165  51 178  76  90 146  14 188 176  40  85  33  30 165  25 
 36 192 164  96 192 150 142 171  74  76 169  26  69  15 100  33 123  86  18  80 174  78 144 100 138  38  16  50  40 166 165 187  74 128  50 169 140 136  78 106 187  57 168  98 185  94  93 144 104 130  28   6  48  50  82  85 190 125 174 130 183 125 155 140 120 147  96 198  82  27  92  95 147 111  34  38  64  39  57 
 84  77  52  88 194  42 126  88  78 135 168 177 160  75 145 140 194 161  72  62  58  91 186 164 189  45 118 140   4  57 105 136 143 195 122 156  39 169  18 180  56 195  68  98  55 141  88 112  45  77 118  63  62 126  72 136  82 189 135  99 195 186  77 170  84  14  36 136  54 117  45 161  68 168  82  88  86 102 170 
 94  98  36  87   6 105  92 111 116 135 195 116 152 178   8  56 155  99 195 135 164  21 108 100 104  80  32 106 144 171  90 136 161 110 194  75 147  63  12  28  70 106  51 148 182  21 175  86  40  18 132  64 121  64  10 104 128 105 155 120 194  39 186 147 198 114 178 198  32 114  64 158  32 128  84 112  50 118 194 
 70 144  22  36 142 145 132  35 132 102 148 164 140 178 125  10 189  68 177  94 186  45 182 141 168 156 158  93 117 108  62  87  42  94  54 115  63  93  50 136 156 129  16  52 111  22 118  69  25 186 112   6  45  63 176 105   4 133 182 184  45  64 108 119 155 174 117  76 138 182  26  32 116 175 125 164  72  52  20 
 34 184  39  88 196 188 116  22 171  69  60 120 135 128  72 123  78 178 178  86  34 146 162  58  91  39  58 153 176  76  58  68 160  55  34 134 178  74  25  38 124  93  33 155 192  87 104 110  64 164 158  15 171  48  44  87  96 159 195 171 148 126 164  60 166  63 192  18  88  32  45  39 123 176 156  87 168 176  92 
 62  45  63 168 145 123  77  24  85  24 100 188 121   8 189  15 130  50  84  64 195 185 147  75 121 171  57 187 183 143   9  48 110 126 143  63 158 196  36 110 111  75 136  86 120  42 120  46 154  16  88  85 155 156 108 118 161 133  56 168  36  15  60  86 165 172 117  34  32 138 196 116 142 148  64 170  25 118 183 
 91 164  63 166  76  80 155  72  22 198  98 141 119  64  91 120  38 148  35 165  26  66  56  78  55  64 118  10 186  90 153 104 188 187  39 161  52  38 170  12  80  49 148  20 136  70  46  82  60  63 108  86  35  66 158 196 145  69 100 158  35 123 178 126 122 170 189 143 190  39 130 141  66 198 186 194 177 110 147 
156  33 183  64 154 160 187 104 146 135 161  49 132 188  95 177 189  58 125  49  85 162 136  70 115  81  70  38  98  91  77 196  63 102 168   6 102  35 184 115  72  55  60 141 166  63 147  92 187 196   6   8 152 150  58  58 123 192  28 176  26 190 129 120 150  58  35 132  78 155  22  58 125  87  81 136  77  48  14 
 39 125 100  45 124 120 194 190 182 154 143 153   6  54 171 190  77 154 102 165  38 194 121 119  58  82 158  90  39  84 119  54  95 195 198 102  86 185 102  82  65 116  72 134  28 147  69  92  85  74  64  52 146 117 162  86 161  20 104  76 160 194  25  62  55  30  26 180 128 140 155 145  95 123  86  66  64 124 112 
 38  44  32 138 105  84 119 152  82 161  48  16 148 143 176 117 136  64  55 105  70  62 140  48  60 136  50 112 175  12 174 130  69  78  39 104 108 147  44 171  60 105  40  42  75 198  88 172 116 123  22  22  82  65  42 144  87   4  10  90  75  95  90  74  10 166  84   8  24  72 108 116  18  81  24 150  25 146 152 
 69 175  62 141 174  63 184  68 180 152  93 166  40  76  54  77 156 128 183 110  80  57 177  88  56 115  78 161  74  86 180  87  26  98  87  12 159  12 125  63  62 120 121 195  32  26 120 198  36  12 140  40 148  35 124  52 126 116 175  93 180  15  44  80  35  65 172  56  92  45  28 128 119  64  55 130  96  87  16 
165  60  96 108 190 134 104 180  16 168  16  70 153  84  90 125  52  70 182  94  56 159 165 144 126  18  65 156 186 160  58 146  99 159 135 152  38  21  81 194  33 118 120  69 102  26 190 144 184 120  18 117  85 186  62 143  45 189  65 112  55 102  91  99 169 177 184 116  39  88 190 165 124 123  10  94 158  54 194 
118 146  34 142  27 188 188  74  57  40 198  26  84 154  94  70 116 130 130 128 162 119 192  74  62  20  42  84   6  34  26 166  22 143  54 105  77 169  30  60 110  74  96  34 100 133 105 136  16  25 164 168 176 111 188  54 123 108 147  63 192  84 198 154 189  98 125 143  69  80  54 128 115 142  68  52  66  76 145 
124  25 108 158 170  10  64 161  52  22  24 180  27  85 162  39 169  91 129  26  32  38  38  78  50  84   4 194  72 114  32 143  26  74  72 147 123 185  16 136  69 184  22 110 118 188 187 185 117  93 152  95  64 174 170 188 148 182 140 134  69 159  56 134  81 104 152  60 185 175  49  24 148 165  78 142 145 148  42 
164  25 136 183 165 189  14  91 122  87  98  18   6  68 155 123 140  49  86 102  93 194  26  33 129 140 198   9  70  27 156  87   8  80  82 170  78 105  57  49 182  62 105  33 140 175 196  85 143 122 164  78  38  76 112 188 170  63 190 154 134 150 169  68  48  96 140 150 134 182 136  64 133 172  48 186 135  50  38 
 44  54 187 105   4 162  92 120  20 177 115  35 111  21 108 125  66  15  90 176  78  22  81  24 190 133 190  49  26 171  33  95  40 158  72  26 146  66 147 136  77 122  54  58  35 156 195 176 169  51 116 115  66 172 186  92  30  68  68 180 110 144 118  63 147  42 122 120  27 198 119  91  85 182 106 121 128 180 111 
 57  91  78 144  18 121 126 160 138 114  98  50 120 102  63 166 153 140 155 130 114 100 140 136 155 110  90 104 155 123 183 196 195 154  93  76   9 106  36  32  56 117 141  98  64 195 138   4  95 160  45 188  72  54 100  60  75  24 112 176  82  94 132  82  57 196 184 132  21 125  77 105 176  36 118 117  51  28  21 
 86 146 188 180 147  81 188 146  46  91  14 185 134  51  33  46 170 146  16  34 168 117 186  84  85  26 172  45  65 176 105  10  27   8 165 180  14 110 124  93 138  77  42 132  80  95  20 158  38 148  60 125  99 196 188  24  22 185  15 134 147 117  40  22  85 132  16 108  99 134 198 132 161  92  80  30  95  96 122 
 34  75  32  44  22 122  95 159  70  75  22 180 158 145 190  74 122  68 130  25 140 130  34 160  14 145 135 146   6  62 102  21 120 143 159 161   4  42  39 133 187 178 123  26  75  18 184 178  40  35 186 148  18 141 178  39  62  75  32 178 124 141 111 111 123 187 153  65   4  45 141 176 132 154 158 160 119 115 185 
 84  57 134  80 190 155  84 164   9  36  28 159  91 145  72 117  48 185  54 178  21 128  95  99  60 168 141  75 117  39  55  68 121 106 170  75 177  16 106 130  65 122  90  30 108 108 110  24 123 147  49  35 150  18  58 128 136 175  34 115 134 111 169 145  55 172  76 156 178  75 164  33  40  63  80 176  42 114 158 
 88  38 162  10  62 104  39  49 172 189 196 180  16 176 104  84  42 169  70 153 140 158  42  85  34  12 198 159 187 122 192 144  46  14  76  85  60 115  15  62 160 130  82 117 192 172  94 165  75  80  50 170  65  82 117  75  20 140 188 116 195   6  66  15  94 162  20  68  88  92 190 154  56  95  65 148  87 161 156 
 62  72  95 112  78 146  18 180  44 147  76  64 123 126  69 194 125 129 160 150  42 121  54  12  51  55 135  36  42 150  39 146 108 119  91  52 148 165  91 153 153 114 180  56 164 158 120  32 189 174 195  50   4  62  14 192  55 147  82  95 154 118  78 133 160 154  54  80 180 159 150  55 117 195  56 150 146   9 102 
 52  49  50  57  34 110  90 148 100  44 194 184  85  85 183  91  84  44 142 132  54 158  44  72  75  94 183   9 138 182 161  86 175  96 145   9 112  55 128  63  24  75  20 140 188  27 165 147 140  45 161  82 166  75 124  54   9  66  69 134  30  54 187  62 141 152  95 178 169 177 150 154 129  93  60  16  45  10 192 
 49   4  22 172  95  56  10  21 147  27 143   8 134 152  90  45 132 150 146 171 106 130  32  64 158  54 134  60  96 188  93 182 121  93  92 100 159 130  80  76 189 170  62  62 153 164   9 128 144 172  87  66  45  72 195 146  74 172 125  92 102 120 190 174  62 102 123 156 182 102  86  36 100  26   9  64 133 122 150 
148  30 182 180   9 162  34 152  21  86  48  51 170 152  26  62  57 145 189 105 146  74  33 153  95  49  94 188  90  69 120 169  63 198 143 145  34  87  98  55   9   8 161  56 184  94 150 111 140 161 154  64  25  75 120 161  14 183  34 198 130 143 116 186  75 142  88  15 176 169  82  40 185  91 164 130  93 134 152 
141  72  36 172 108  54 161 148  45  42 194 156 128 174 162 171 133 188  44 154 156 104  57 190 148  14 158  45 117  55 124 176 112 185 176 148  55 182 198 168  96 129 165  84   6 133  81  66  30  87  60  49 116 141  74  21 132  26  34  96 164 175 184 148 159  75  69 111  93 112  56  72  63  87 182  84  88  65  66 
 24  87  18 110 144 104  50 141  94  40 102 132 187 184  24 144 124 171  69 140 100  55 174 182  82 144  26  48 115  35 184 178 150  72 147 161 102 145  56  25 143  27  76 168 148  55 170 180  66  25 110  22  63  75   9  63  25 106  42 121 117 141  28 124 129  57  91 162  38  95 185 138  99 125 169  72 108  40 144 
 30 136  49 176 189  35 128  44 160 178  27 117  12 142   9  99 161  88  21  85 150 182 185  10  18 164 125  55   8 194  46 180 150 177 132  77 154 160  69  25  34 180  76 153  12   6  85 141  33  35 190 140  95   8 190 154   6 154  50 144 184  49 188 132  92   6  80  74 108  18 195  21 121 188 129 195 196  30 188 
 66 182   6  28  87 183 110  56  55  51  58 192 184  40  34 129  28 184 118  24  24  86 166  22 125  82  39  69 185  39 178 118 171  60  57  94 129 171 122  15 126  87 165  86 135 144  12 138 175 134  91  45  78  75 160  32  48  51  94 115 171   9  86 159 120 124 182 115 144 125 136  56 148 161  64 141  55  84  76 
135 135  63 129 150  86  98 189 125  35 110  10 145 100 106 141 171  30 116  45 146  96  87 108 148 182  90 180 155  84 102 198  66 123 133 154 195 160 144 164  56 146 121 134 190 118 186 175 143 195 166   9  96  70  56 175  65 106 182  35 190   8  25  15  52  44  74 102  18 144 154  33  15 115  30 194  64 114  48 
 96 133 117 184  25 112  16 140  46 135  36 166 108  78  56 122  25  75 100 121  84 174  91 147  14 116 117 188 159 123 132 134  88  21  65 116  69  81  87 114  69 177  38  22 110  28 161 104  99  58   9  48 130  20  26 184  34  72 186 108 141 106 128  22 123 117  75  88  28  80 161  91  98  33 150  36 112 165 134 
 98  78  94  56  42  64  39  54  24 190  48 147   8 196 144  48   8 162 176 172  96  77  28 142 158  98 198 154 118 130 121  81  36  21 194 152 144 198 174 189  81 170 145 142  35 121 102  78 138  66 116  20 182  55  42 128 182  22  36  50  96 122 182  51 160   6 105 166 184 196  76  16 124 150 198  36  95 116 168 
 36  35  42 123  93  20  84  81 145  49  36 136 143 118  88  69 126 159 132 117  85  39 161 116   6  90  60  96 112 132 192  66 102 168 186 129  92  74  57 183 155 176  26 174 160  91  82 156 152 182 142  93 161  12  42  90  21  51 174  84 135 126 177  86 124  18 129 154  15  58 133 123 106  54  25 154  60  69 138 
140 174 178  70 166 112  99  70 148  87  78  63 189 136  12 195  76 165 160  72 122  24 146  52  42  91 121 136  86  56  50 175  35 168 186 117  45 152 123  78  74 155  86  32 182 190  72 170 111  77  39 184  38  54 144  64 150 178  26  82  24   6 170 117 150 185  65  70  54  80 117  32 171  90  96 116  54 134 155 
 40 143 140  14  64 102  92 146 177  33  18 170  18 171 190 108 102 198 189 124  82 136 186  75 124  62 118  76  15 159  86  77  80 187  81  28 134  65 134 180 165  68 189  46  77 105 152  22 138 164   8  80 166 147  54 121  49 188  22  69  33 121 105  92  69  63 198  88 119 172  96  99 192 160  22  72 155  22 187 
 54 132 192 138  68  51  94  96 115 142 159 134  64 180 142  54 192  48 145  27  65 166  49 172 183  86 175 195 120 177  42  45 116   8 106   4  80 132 164 189  63 123 148  54  54 144 176 171  33  96 183  56  81 136 119  38 189 182 130 126  34 170 183 185 140  16 183 133  55  27 129 168 148  50 112 194  82  64 154 
121 159  62  80 155  63  72  99 180  26  40  51  50 159 119 184  26 177 155  38  69 168 110 162  74 138  46  57 147  58  78  18 114  74 164  70 118 187 128  62 111  96 123 180  54  69 196 141 114 111 165 154  86 185  90 135  70 141  70  62 112 190 160 172  56  44 135 132 104  42  56 147  88  33 171  10  99 165 105 
162 198 166  25 106 105 198 159 154  85  21 132 126 147 142 108  92  48 189  27 160   6  56  32  44 147 152  65  75  14 188  66 175  91 195 153  62 129 116 171 129  62  69 140  90  16  80 108 154  39 126   4  72  12 104   4  72 160  70 188 112  57 100  48 138  85 178  66 147   9  78  87 147  74 188  42 134 189 198 
160  60 142 142  33 189  85  70  90 100  30  26  49  26  81 122  70 187  10  66  16 122  69 130  87   9 106  60 152  46  86  91 182  81  50  68  28 122  26  50   4 117 104 130 145  40 184  34 185  10 110  42 183  26  44 174 122 110 100  27 160 106 176   8 177  93  26 198 171  51 129 174  14 162 111 100  84 187  32 
169   4  80  81  18 141  18  50  26 156 102  76  98 119  40 121  52  80 136  62  14  54 115  26 110 142 154 161  18  14 178  50   4  28 189  15  34  65 144  42 111 106 159 162 196  32 148 183  21 150  62 196  69  39 158  84 152  78 160  96 114  38  33 134  39  27  98  82  84 119 140 128  74 110  42 187 140   9  92 
 35 111  56 172  94 120  57 121 165  42  52  28 198  38 166 115 154 172  36  58 194 148 134 152 138  63 159  14   9 102 171  90 141  46 105 159  48 147  62  14 180 189 160  10  66 189  55  76  77 140  44  81  21  56  82  91  86 125  80 172  93  56  35 176   8 110  28  10  80 160  24  25  57   4 144 178  66 190  33 
158  18 140  40  48  64 142 135 150  93 183 141 125  74 132 117 132  70 161  81  16 128  27 135  90 195  57 104  93 198 174 198 176 187  81  24  91 189 102 111  15  48  44 114 186 100 129 108 145 152  56 130 144  96  22  20  92 190 188 105  63 172 198 159 143  12 176  75  96 130 100 177  95  52 102 159  25 192  57 
153  70 140 148  36 162  78  91 182 165 183  82 116  70 120  28  25  94 106 152 146 142  75 160  70  98  32 143 126 128 156  80  45 160 158 159 176  78  95  96 123  24  49 135 119 155  94 185   4 115  86 198  91 150  85 190  62 188  64 196 183 164  95  52  87 175  16 150  49 172  55 112  60  78  15 147 130 102 102 
 95 169 112  24 128   6 114  90  21  52  87 164 129 111 105 136 154  75  84  63  99  28 145  90 111  95 171  25  69 155 114  58 160  32 177  87 190 122  30 129  82 177 143  64 154 152 165 188 185  62 117  24 105 182 188 124 182  46  84  92 134 125  25  64  68 192 111 138  66  78  98  64 186  51  91  39 195 174  57 
 38 155  54 178  78 172  62  98  40  46  30  10  65 115 118 133  40 155  92 148   6 129  94  64 129  27  78  76  32 174 198 158 120  46   8 180 152  18  15 136  98 146 145  66 141  12  72  28 169 112  14  70 145  58 188 133  27 158  25 150  42 186 176 119 119 161 111  87 135  99 161  93  90  18  35  63 148 140  26 
154  64  16 118 172 117  15 124  27  35  14 169 174 100  82  27  76 102  30 120 174  34 111  70  48 156  50  55 180  68 187 145  84 110 171  56 184 114  95   9 134  20 174 171 111  70   9  40  58 169  50 136  10 162  69  51 122 126 175  35  91 128  25 169 195  52 122 154  85 114 102 186  46  21  77 122  25 188 169 
  9  55 115 143 135 169 134 130  85 123  10  52 190 121  58 156  26 159 162  84  77  25 128 161   9 124 106  10 138 108  80  62 166 177 138   4 161 130 121  84  20   6  36  34 187  69  77  66 116 122  39  56  77  52  18 144 117 172 184  32 177   6 171  57  54  40 187  65  84  20 196 145 141 175 195 116  87  30 160 
 34 196  78  63 155  78 183 156  16  74 120 115 183  38  78 161 147 115 153  33 100 143 168 180 152 119  62   8   6 118 117 165 114 169  44 147  40  72  99  22 190 141   4  52 170  91 182   4 187 154 154 116 143  34 192 183  45  81 125  45  21  12 135  84 108  20 161 169 110  72  64  84   9 189 132 162 144   8  21 
183 110 143  28 184 126 120  14  65  39 102 117  14  58  50 128  20 169  27  18  48 135 126 161  68  26  20 162 158 148 147 182  22 172 168 152  85 130  14 136 110  69  34  65 140 128 183  74  62  93  88  28  80 122 118  58 133  91  14  18 182 156 100 100 117 126 190 165 106 145  65 190  87  35 171 122 132 120 177 
 14   6  90  88 180  81 110 168 152 176 106 124 148  49 180  87 154  80   9  16  39 111 155 150 152 196  32  94  72   8 198 171  35  86 152  15  69 102  68  18  22 130 128  52 138  99 161  57  88 153  46 155   8  45  87 180  30  76  98  34 190  52  94 124 182 161 196 177  21 130  21  58 147 148 141  39 120 162  16 
156 195  42 108 147  49  56 184  60  22 108  18  15  77  42 128  57 110 183  70  46  18 185 156   4  56  45  52  54 153 159  84  56  94  98 187 168 118 192 160 146 120 142 183  27  55 122  57  20  39  35  26  72 153  20  32 165 171  87  66 153  74   6 140 108 122  10  26  68 114 144  14  46   6 143 134  42 188  49 
 78 110  22 180  30 152 102 147 145  40 190  32 122 108  64 155  12 128  84  81  16 150 196  35  96  25 102 145  86  14 190 152  36  63 144  81 176 156  94  93 198  20 171 124 187  80  18 154 177  90  20  50  18  34  16  93 175 183   6  68 104 186  77 105  86  86  36 142  98 148 185 147 168  95 187  10 114  38 185 
174  98  60 174  25 166  33 134  74 115 187 177 180  36  39  32  50 105 184  72  64  68  82 130 140  18 142 112 148  35  99 114  98  70  34  39 141  20  24  40 190 171 164 195  12 100  68  87  62  72   9  87 192 129 150  81 133  84 146 177  28  25 129  54  52 162  93 168 189  20  60  70  93  88  49 168 152  91 138 
 55  24 192 105  66 129  69 176 198 114  66  22 174  44 138 121 187  48 124  50  96 124  63 156  80  50  65 152 195   8  15 108 145  50 196 110 189 102 114 150  94 112  68 138 147 188 130 186  56 126  62 100  51   8 198 159  35 122  32   4 172  65 112  98  88  18 110 194 176 185 134  39  81  30  56 176 198  44 176 
 33  32  48 121  45 170 135  82  48  80  56  62 182 194  27  62 104 111 153 184 119 184 162  64  81 187 176 116 144 170  21  57 128  40  69 164 171  99 198  76 122 169 185 126 106  60 152  78  81  35 170  78 185 118 182 138 104 196  20 133  15 172 195 121  80  27 128  75 146 111 196 158  16 130  94  38  40  33  18 
184  15 116 144 100 170 195 154 106 172 143  76  22  63 174  90  36  63  52  54 126  80 119 126  72  78 182 176  22 175  14  87  95  14  65 138 161 148 126 196 174 118 184  33  36 170  24   8 171  77 180  85  72  36 147 154  34  16  55  99  70  57  66   8  70  14 147  99 162  63  20  25 194  33 105  90  51  60 125 
165 198  54 108   9 178 115  39  62 145 184  74  21 159   8  92 152  18 138 186  90 108 161 130  68 111 185 138  36 111  32 195 175 132  35 145 165   6  86  72  49  66 153  26 124 154 129  99  88 186  50 132  38 100  78  68 174 153  18  68 122  75  48  16 134  48  48 145 133  85  98  22  16  86  38  85 121 111  49 
141 196  18  64  96 126  98  80  42  16 138 183 169 159  50  30 154 162 120  21 152 112 116 183 183  10   9  82  88 156 141 136 138 150  80 169 143 195 116  75  38 185 115  28 104  63 111  88  30 142 177 153  95 122 183 183 104 132 171  32 126 122  54  96 140 158  81  46 142 183  64 134  40 158 160 152 132 178 180 
106  28 171 125  95  65  32 153 184  16 164  84  66  25  50  68 185 121 177  68 143  99  57 185  20  49 148 158  46  68  16 110  49  63  88  48 136 100 172  90  46  14 124  84 119  27  66  55 114 183  78  38 165 112 198  48 158 182  84  57  24  76 120  94  60 142 142 186  70  92  56  81 124  66  98  21 146  72 120 
 35 184 136 171  78  45 184 111 158  39 114 168 111  54 112  58 115  62  77 194  99  14 190   4 144 162  34  14 126  87 100 122 165  77 122  96  80  36  25   9  36 146 102 102 154  66  70 186 158 189  14   4  36  94 114  15 155 141  27  63 106 141  80 108 147 134 158  57  56  14  40  98 170  74 192 153 158 184  42 
121  32 112 171  54  99  84 161  90  25  99  92 195 115 125 123 121 111 145 147  60  82  24  60 198 126  54  62 110  49  66  30  48  39 147  28 122  15 159  72  12 189  46 184 136  50  39  74  16 146 184 195  69 125 169  82 150 132   8  54 178 169 117  15  92 180 187  75 156 138 169 123 176 100 195  65  35  93  20 
 49 165  96 114 192 138 180  52 140  62 146 134 110  74 159 166  80 195  36  55  87 183 118 125 172 122  54 166   8 104  72 122  72  94 158 134 159  22 128  86 128  58 177 146  46 153  72 133 124  64  27 145  39  30 121  36  68 154  39  10  46 115  62  93  38  15 111  81  30 196 165  98  38 138 133  33 133  91 132 
140 155 166  62  25  36 130  65 146  44 159 190  70 166 168 110  68  50   4 104  65 160 138 176  28 158 146 144 170  15 168  51 146 110 132  65  27  38  95 183 177  82  36 119 180  87  94 158  49  91 190 164  46  91 110  99  14  26 128  44 133 166  25  76 106 140 148 184 184 146 120 170 171  14 135  33  45  64 190 
 44  92   9 128 174 168 184 171 108  65  74  78  80  77 156  12 126  18 185 145  58 116 148 158 123 156   6   9 130  26  80  56  72 170 168 172 130 153 183 169 141 121 195 133 180  49 183 130 122 153  52   4 122 145 174   4 126 121 172 111 135 133 166  36 122  14  10  50  66  42  87 172  28 105 118 116  98  87 104 
143  32  22 133 172 196 115  36   9 155  55  96  87 133  57 132  70  30 188 105  10 192 146 132  26 171 180 164 152  45  66 158 126 138  66  56 165  74   9 108  38 185 169  84  45 120 136  91  91 176  88  88  69 144 105 104 115 155  62 154  34  36 110 116  77 186 125  16  16 130 171 195 194  14  66 129 141 164  27 
125  99 159  96 122 147 152  12 152 185 171 171 177 155 134  45 158  85  24 136 159  24 148  58 148 108  15 190 119  90  52  68 132 175 185  51 105  22  86  91  85 171  56  45  70  63 182 158 182  32  42 152 117 194 115 170 116 143  32  62 169  93 178 161 172 141  54 115   8  75 176  91  68 123 140 184 152  35 121 
 38 142 186  85  12  25 124  57   4  92 172  76 171 134 120  62  90  66  58 130 154 102  27  42 177 106  84 165 161   6  32 120 178 142 145   8 150 158 156 183 115 129 117 115 180 148   9  57 130  25 185 116  84 134  94 124  87  36 121 174  95  21  27 116 110 159  84 156  55  50 158 161  80 114  54  74 165  44  16 
177  60  81 178  74  21  74  18 189 133  95 177 186  87  45  87  54 132   4  51  49  50 144 114  77  22 123 124 185  84 114  26  24 190 183 111  60  94 135 182 121 174  69 174 140 162 166  28  70 115 130 150  87  84 123  12 155  60 129 182 152 112  95 175 195  16  91  16 142 185  21  93 162 156  27  99  45  75 126 
 91 178  77  18 186 134  88 189  77 188  57 104   9  68 166 112  62  55  46  50  32  33  21 140 161  33   9 129 138  72  99  84  99  30  48 135 146  56 102  63 130   9  60  33  51 133  94  27 170 182 116 158  26  78  30 196  92  75 110 148 146   9  21  46 128  64  85 132 129  12  93 175 144 112  66  72  55  40  90 
132  15 180 155  90  93 153 160 130 135  64 178 118 189 112  39 123  54 195  91  28   6 108 182  21 189 120 174 156  30  45 136  45  75 188  39 130  56 158 195  68  98  64  20 182  60 168 110 166 168 168  82 153  54 106 145  57 125 153 170  52  66  75  88 160  34   9 136  64  34 176  88 111 194 184  84 176 116  52 
 45 100  77  99 159 118  33 141 164  45  72 120  70 121  91 155  69 164 133  77  88 142 180  66 171 132  49 162 192 159  95 111   6 108  92 145 128  78  69 148 174  98 188  84  66 150  14 172  74 153  99  88 168 152 142  46 110 170  80 188 125  28 198  52  18  77 176 196 190  33  91 135 111   6  10  42  50  87 132 
 33 114  66  60  12  80  58   6 138  36 170 150 115   6 162  15 171  96  35 190 174  62 175 111  85 189  45 166 105 128  88 135  30  44  85 123 188 117  24  12 158 112  25 176 134 166  68  56 116 152 126  93 105 141 124 198  20 164 104  18  10  10   6  40  88  88  64 170 130  93   9 125  84  96   8  74   8 153 129 
