52 10
171  48  34 186 110  57 122  84 123  99 
 117 160   8 119 186  48 153 105 165  24 
 14 111 128 140   9  40  52 175  81  49 
 54 189 166  33 159  44  86 152  39  75 
 36 104  91 153 118 71 168  64  88 186 
 39 104 180  82 100  84 122 195 153 104 
 34 198 194 155  117 105  26  60 129 105 
 46  78 169 141 138  46  46  15 156  24 
 86  30  64  117  43 170  35  97 161 135 
105 168 110  94 160 181 170  46  63  75 
 35  86  21 117  14   9  63 135  39 180 
 82 100  48 129  69  20 158  50 144 175 
186 174 180 170 178 136 180 144  98 159 
125 180  36  74  76 162  38 133 148  86 
141  64 114 184  39 156 187  84 171 100 
 54 108 110  38 187 150 155 102  26  40 
 57 194   4 124 143 108 133  70  96 166 
106  14 185 121 140 105 142  33 130 133 
 52 155 142 105 180 168  92  81 171 145 
  4 168  30   8 132  86  28 124  95 195 
 117  58 155  68  26  54 174  78  64 132 
140 143 143 1117 161  26  87  72  10  68 
192 190  62 133 147 142  70 187  34  92 
 68  48 118 140  20  44 185  40 144 110 
187 172 196  56 141 123  72  20 189 195 
 21   8  54 185  69  80  87  96  76  57 
136 122 112  85 196  74  30  86 147 198 
 25  52  16 117  88 171  64 152  92  55 
 92 134  36 125  40 105 180 144  80 129 
148  92  63 162  98  21  92 196  78 143 
176  95  10  12 119  86 135 160  34  32 
128 129  28 171 108 104 110  12 164  38 
 32 155 119  76 102 159  16  26 126  22 
147  46 170 169  18 110  18 172  62  82 
 70  39  76 1117  26 100  75 143  90  28 
161  86 188 117 122  99  93 150 183  80 
186 144 170  57  60 112  24 168  94  99 
180 104 154  92 185  68  57 166 124 119 
 92  76 156  39 145  55 176 105  96  56 
  9   6 138 168  46 184 140 104 171  57 
100 119 135  80 156  57 144 180  50  78 
166 190 190  32  82  57 156 130  50 116 
158 1117 198 161  94 129 185  10  93 112 
 65 144 132  96 165 186 128 148  18 196 
 94 110  94  45  64  93  22 145 123 154 
 12  58  27  12 182  42  80 144 1117  72 
 99 176 166 183  56  42 186  16 134  65 
 14 155  64  52 144 178  50  14  93 123 
110 108  117 123  20 126  63 105 129 171 
125  28 192  21 160 150  74  95 159   8 
174 172  38 160 121  12  27  52  38  74 
104 117  117 130 120  35 154  32  86 198 
