78 59
 21  55  27  76  60 180 135  52  40  49 176 145  22  12 162 128  5647  69  32 144 174 190  39  66 143 154  62 141  49  99 128  60 148  84  99 110 153 114 140 183  86 168  20 186  81 117 111  20  56  117 174 189 110  18 117  57 195  38  36 
175 130  36 129 112  15 117 174 153 165  60 119 122  117  27  16603 117 16603  60 162 110 108  51  14  68  51 130   4  82 174   4  65 187 192  58  38 144 150  30 178  42  36  55 115 119 132  38  117  88  51  49 120 124 135 169  30  44  30  65 
 65 168  99  34 196  82 144  69 152 194 123 161 159  50  72  52  48 183 147 171  62 145 155 117  69 125  15 156  86  95  22 171 185 152  66  25  70 134 185 141 135 142 156 182  25 126  42 174 169   8  55 158  22 188  28 170  74 133  48 
 70  117 159 144 155 187 161  15  62 104 183 158 166  99 106 112 162  93 164  26  33 106 141  66  51 189  95  64  88 148  66  56  38  96 192 170 185  16 100 102 129  42  64  22   6 187 162  99  66  56 138 138 158 128 129  38 164 117 166 
120 134  85  69 161 110 155 147  56  99 161 128 156 117  51  10 5647  70 130  38 192 182 194 136  22  27  75 182  28  74  72 169 170  38  98  35  18   4  14 117 142 110  96 192 146  48  22 172  99 115  96 182  16 123  33 111 146 133   9 
 64 185 115  38 192  92  30  57  40  16 138 185 130 133  12 144  50 198  45  94   9  66  80  66  60 184  39  38  69  81 112  82  62 192  85  84  33  33  74  51  10  39   6  18  95 106 184  87  25  46 195  34 150 169 123  56  93 102  38 
124  51  57 142 116   4  36 170  55  27 183 116 164 104  60  22 100 111  12  15  72 183  117 130  85 125  55  44  34  33 115 129 123 172 143 100 132  10 146  57 111  55  98 136 185  33  54 160 106 117  98 164  45  63 183  99  34  74  96 
140 147 134 115 156 117  45 175 132 105  44  74  35  92 142  68 117  48 136  12   6  22  98 198  46 128  99 195  32  82  12 146 102 114 172 146 152  26 122  63  63 120  78  44  21 115  60 189 115 189 102  93 144 176 108  50  54 172  70 
 95 188  90  51  55 150 160  16 172 143 125 169 118 175  46  15  57   9 138 129 154 150 189 116 105  27  95  57 100 106 111  87  25 100  81  36 159 153  62  28  66  68  20 125  68  63 106  91  52 194 145  22  92 111 104 168 190 154  90 
 78 123  81   9 120 196  22 196  12  22  74  57  63  95 192 185  40 147  60 152 156 145 155  28  66 129  70  92 120  48 114 166 114 105  85  90  21  69 156  92  22   9  57 161  93  38 186  84 180 115  63 104 144  54  72 160 192  34  72 
 21 104 155 147 166  60 198 161 175 171 176  45 194 184 123 183  66 124  12 195  25 143 182 184 185  18  28 110  39  16  80  87  68 144 138 161  24  25  32  56  26 128 159 108 105  96 141 138 166  20 110  74 140 104  38 110 154 174 130 
 40 118 116 165  76 172  84 148 116  80 164  56 112 158  24 120 162  64  57 120 154   8 112 110 161 194  36  39  80  81  42 146  72  91  24  54  27  20  72 178 188  85 112 135 144 117 194 196  46  50 153  38 187 153 188  99 125  74  42 
148 132 159 168  25 158  91 180  72 196  26  62   6  49 116 117  39  96  40 104  22   9 132 183  63  16 176  90 148 195  16  92  60  22 192  46 125  56  68 161 178 105  24 102  45 182  85 165 156  32 133  80  92  14 185 178  52 116  76 
 60 119  93  39  56  75  81  45  32 117  54  117   6 105  86 118 170 102  15  21 102 196 182   8 185 140  36 144  21   9 106 195 115  94 125  58  63  95 121  30 132  84  51 186  74  24  55  82  98  72  38 138  84  48  44 105  68 159  26 
 44 194  34 176  81 114  75 161  16 152  117 111 162 102  30 183 145 118 120 168 153  44  69  26  18  10 150  39  64  86 152  95  96  22 180  76  32  92 162  54  28  95  38  66 105  22 135  69  62 192 196 138  88 120  49 132 175  18  62 
 24 128  88  39 143 154 134 188 198  80  44  82 190 182 184 182 142  62  74  18  44  91  35  65 150  72  84 170  28 188 186   6  46 102 111  51 126  28 154 180  20  51  48 141 128 106 126  44 194  95 142 164 119 135 187 187  51 111 143 
 52 168  63  75 164  93  27  30  27 176 124  30  46 106 182 161 168  20 102  81 132 143 138 138 165  82  94 133  62 166  56 198 159 134  91 187  57  87 188  32 187  26 104  66  46 162 158  87 106 116 117  66 119 117 117  10 166  26 168 
140 108  34  85  51 152 142  63 144  98 187 166  16  82 118 158  52  84  54 112  62 128  75  40  52 147 189 138  69  48  50   6  98  10  38  52  69  62  88 121  72 126  68 119 153 105 184 185  49 115  82 144  58 138  14 182   9 145  33 
 66 152  94  91 164 165  27 196   6  32 117 104 164  91  70 144 184  82  99 111  95  74 136 133 112  70 161  36  22  84  49 170  18  88   6  25 185 153 153  82 169  39 175  10 156 196  49 114 156 134  86 114  56 175  66 195  65 164 129 
  8 155  46 130  70  99  27  94 121  14 115 128 140  72 159  12  54 178  52 186 186  49 129 143  40 134  20 117 194  74  21  95 144  94 159  62  54  50  60  10  51  51 102  27  35 115  74  32 136 170 154  69 133 198  22 165  30  81  36 
 51 170 156  93   8 172 120 162  34 165 133 195 165  14  26 184 155  88  34 141  90  10   4 148 146   9 120 129 145  87  28  34 184 171 145 126  34 155  46  10  88  38 165  54  60  99  32 171 170  63 106  92 175 188 144  50  42 110 111 
114  56  81  72  12 123  58 152  24   6  93 194  84 136 171  24  12  76  54 112  49  64  32  84  52  99  40 184 185  34 156  50 143   4 143  92  56  74  98 142  72  63 182 112 104 159 196  65  93 134 145  46  21 112  60 195 195  60  82 
170  93 136 187  98   6  54 170 178 183 180 115 133 156   8 162 185 168  40  21 105  16 105 144  60 186 158  58 118  90 148   9 164 184  27  70  81  22  92  45  22 172  22  63  26 170  95 117  12  45 195 169 160 100  55  38  18 135 144 
142 104  32 112 123  10 158 148  50  65 186  22 146 112  98 124  51  28  76 147  57  84 140  57  98 126  99 118 180  63 180 125  91  42 186 180  42 102  28 153  46  44  87 171 130  35 168  99  20 111  40 187 192 161  87  25   6 120 169 
 45 194 148  14 122 195  56  42 136 144  91 196  42 145  27  85 195 192 154  30 144  10 144  99 120 188  26  69 146   8 189 136 175  24 121  92  98  18  87 119  35 105  49 104 195 170 106 164  33 142  78  24 121 122 133  85  78  96  94 
 49  16 114  66  96  45 138 159 117  49  75  32 160  87 119 110  28   4  94 186 147  70 178 117  20 195 171  75 102  82  10 165 198 152 110 187 148 128 195 104 182 122  87  78 119 144   4 128 142 195  96  22  88   8 190  90  57 174 175 
 42  15  14  92 146  62  21 166  51 190 195  22  39  20   8 161  42 119 105 171  69 104  85 138 152  58  78  98  96  88  14  65 178  42 145 166 154 104 125 112 118  25 134 102 153 155  70 182  86 184  27 192  80 144  16  92  48 102  69 
 14 153 192  46 195  33 153   6  10  57  74  65  24  76 111 115 192  86 116  76  10 192 132  45 182 184 141 105 161  25 155 120 133  46 123  52  36 114 160 182 150 160 158  42  58 187  32 185 161  86 129 158  87  10 147 153 129 171 170 
110  34  49  46 132 124  69  93 100 114  16  26 111  22 168  26 178 159 140 132 184 190  40  82  30 145  117 162   4  84 160  60  95  84  34  12 186  66 104 192 182 178  81  42  51 184  64  93 135  14  117  99 184 119  96  66  66 190   4 
 96  33  38 196 122 176  95  21  50  99  78  40   8 162  50  25  22  16  36  21  62 119 166 114 111   6 130  42 172 117 158 171 172 165  16 141  87 129 121 110  55 146  88  33 178 142  49  86 108 161  36  63  69 136  50  99 182  20  40 
 95  55 110 161 128 156 134 112 122  81  36  93  84  55 194  57 174  28  27 121 150 186  52  84 166 130  60  24 162  75 117  80  65 198  95  21  69  26   9 118  58 178  60  63 123 160  69 117 169 112 155  99 189  48 166 175  49  50 115 
117 195 135  54  24  22  24 198  82  10  65 150 152   9  82  36 176 125  32 150  64 129  26  74 100 161 116 152  64 150 162 135  21 117  92 128 154 172  33  26 153  45  72  63  46  58   4   9  36 195 192  69  44 194 110  44 156 143  94 
158 129 116 143  76 183 106 132 165   4   4 161  10  93  91  22 115  20 102 158 183 155 194  32  66 119  49  12 182  50 132 180  55  58 133  32 118 174  92 164  57  99 124  45 169 141  86 148 147   8 121 117  49  45 161  16 159 174  42 
135  57  56 130  93  54  56  69  34  98  80 115  24  36 161  38 133  54  93 146 185  94 130  84 140  50  24 136  98 128 144 112 130  21 154 115  42 186  96 160 150 150 117   9 116 119 160  96 165  26  51  60  36  58 161 194  22 166  85 
114  86 171  63 166  91 104 106 140 172  34 122  44  93  88 121 132 198 108 146  38  33  94  12  94 169  69 114  42 188  75 184  49 169  78 196  68 123 129   8 124 154  15  72 126  48 141 102 176 144  40  46  33 159 128 174 168 196 150 
 90 155  27 128  62  93  69 165  48  10  84  69 114 126  81  94   8  76 165  86 140 187 102  21  94  76 140 148 192  54 168 136  63 146 188 169  42  33 135 160 185  10 169 186 180 146 195 102 102 152  76  76 125 168  88  20 180 142   4 
 24  56  36  74 189 155  56 100 129 146 158  57  80 198 146 111  26 171 166  62  55  57 106 130 183   6 115 120 196 154  35  52  69 117  98 104  84 110 130  94  18  85 143 115 156 120 145 143 150 105 124  22 189  24 159 102  78 148 133 
123 108 158  34 138  63 111  93  32  38   6  98  74  16  78  22 169  39 174 175 187  26 180 195 165 180 161 188  78  69 142   6  91  90  64  70 150 170 120  87 100  33 154   6 143 152  90 185 148 146 140 170 105 166 130 123  96  33 140 
178  86  96  16 132 115  16  38 162  70  96 122 187 155 140 194  80  30 192 136  68 174  68 142  64  57 164 110 169 196 161 128 112 138 130  68 185  49  92 123 154  36 119 125 118 130  51  25  99  76  22 110  26 134 175  42 196  50  10 
178  84 189  88 145 138 110 146 111  66   9  28 194 164  34   9  48 135  10  42 161  76 120  81  46 143 196 188 172 159 123  96 170  48 180 111  86 178  87 117  62 134 129  57  44 133  34  72  49  45  25 119 148   9  12  16 171 134  99 
 18  22 100 140   8   9 108  42 143 158  90 144  50  22  30  16  35 125 122 176  25   9 172 108 130 152 162  57  34 189 116 170  64 152 122 146  63 165 165  76 120  28  84  86  10 124  25 145  58  34 171 117 161  57 147  94 145 178  84 
154 145  92 118  80  33 145  55  45  87 102 132 188  44 166 146 196 170 115  65 198  33 125 136 154 150 160  87 120  28 114 105  27 130  38  69  93 146 172   4 164 147  78 194  22 123 146 115  15 108  10 123 126 114 120 130  65  55  52 
 51 174 171  86  32  56  50 172 161 190 118  26  25  64  48  48 160  96  20 114  33  57  60  14 171  99  49 117 178 154 170  93  50  93 122  92 115 111 183 188  87 153  18 146  78 104 114  18  39 175 174  90  28  28 120  14 154  81  117 
 26  75 161  87 184 142 165  85   4   8 141 148 184  15   8 169 176 115  69 133  65 140  54 112  45 114  21  35 119  35 161  70 129  10 188 170 153 182 169  90 172 110  76  93  20  95 110  69 121 110 165 144  76 141  58 102 198 119 156 
126  48  28 100 132 122 166 150 156 196 120  27 118  48  12  44  45 102  56 180 132  64 132  50  28 161 169  78  68 132  45  35  57  24  22 102 118  88  25 124  54 122   9  35 152 190  18 189 140 134  93  99 178 111  82  63 121 183 136 
155  68  15  80 198 124  99 108 114  96  26 102 166 178  78 126 152  58  16  87  76  36  46  20  39 128 185 141  93 142 153  56 174 130  46  56  62  21  51 185  58  33  15  78  14  20 171 170 175  25  27  28 111  90 143 159 106  90 117 
 49  46 100  27 175 188   4 140  69 185  85 186  94 183 183  82 133 194  85 192 143 132 194 152 143 194 128  62 138  30  45  10  32  90  87 164 133  55  56  39  87  84  35   6 189  90 148  93 106  117 104 133 108  24  18 104   9 180  85 
 88 134 125 118  78 178  39 104 104 122  54  92  56  33  95  94  65  39  55  44   9  18 152  82  46   6 128 111 100 122 153  40 136 184 123 130 176 136 122  16 104 169 176 154  84  94  87  96 190 159  32  38 192  10 180 130  39  42  36 
 36 175  46  15 166  72  49 134  35  75 170 196  44  70 136 129   8 168  93 120  70 176  15 136 142 195 146  25 156 185 110 196  32  24  48 120 159 162 180  50 155  14  16 144 161  92 148 152 136  57 117 136 110 140  84  82 114  76 190 
 75 117 196 119  54  45 119 140 144  85  81 105 112 158 198 148  96  60 108  70  42 123  81 175  80 196 143  42 165 112 171 175 156  69  96  33  88 158  50 185  72  82  70 158  26  78 153 155   4 165 192  45  38 176  27 171  34 169  60 
 25 198  64 169 121 142  96 111  49  66 174  99 198   4  20   6 198  36  45  117  57 159  86  72 188 142  92 110 183 165 154 162 130  87  76  75  55   9 175 133 126 154 119 111   4  49 135 141 135 130  70  54  42  15 144 172  45  38  93 
160 132  30  84  35 112  39  48  24 125  63 100 175 134 152 184  28 112  14  40 117 161 116  49 187   9 162  63 160 104 174 156 119 180 162  42  49  90  39  26  51 183  65 105 161  64  91 192 129  92  45 147 125 117  32 140  99  81 146 
148 134 171  44 155  84 165  34   9 190   8  90 175 176 123  27  78  26  55  45 121 135  12 190  15 175  74 142  69 159 195 123  56 105 138 128  25 117 187  50 147  20 133 194  54  34 106 115 195  30  55 105 160  93 165   4 142 121 141 
105 117 144 129 156 164 161 170  78  24 145 104 104 143 175 174 152  10  25  51  55 104  28  117 130 117 161 180  70 106 156 138 114 117  72  74  39  20  81 102  64  86 153  55  21  80 150 106  30 158 100 195  92 178  35 150 132 161 132 
 88 108 130  86  66 135 143  28  93  82 198  24  98  24 153  84  28 166 164  32  15 182 170  58 168  91 130  27 124 134 112  44  12 153 121  42  75 128  12  66  10  42 186  92  58  36 182 192   9 102  81 182 175 185 161  40 105 130 117 
  6 136 172  56  70  48 128 115 169  68  46  99  70  93 115  69 160  74 132 150 112  22  80   9  50  26 116 158 190  32  64  90  82  117  87  48 110 118 171  95 189 128  40  46 138 153  48  92  62  54  32  68  94  82 161  85 123  18 150 
 78  56 154 118 155 117 142  58  72 171  28  76  84 126  33  88  30  92 104  49  65 176 130 119  72 194 134  88  96  70  74  34 187 154  63 176  48 136 166  32 118 152  93  80  14  84 129 186  66  64 115  91 147 132 140  39 135 182   6 
 85  74  14 129 165  72 105   9 145 198 176  24  54 182  49 141 145  92   8  50  54  87  78 155 198  46  24 133 187  18 194 100  12  64  70 174  85   4 178 144  10  86   6 180  88 178 143  35  56  80  88   9  15  55   6 152  32 117 159 
 49 160 190  45 117   8  21  98 110  10  36   9  52  50  70  44 118 119  14 154  15 178 126 159 122  80 129 117 135 135  88 128  28 159  42  62 189 176  94  18 165 162 110  54  18 160  52  86 169  81 108 133 158  72  49  85  75  35  22 
144 136 150  80 182 145  80  18 124 122 100  66 144  117 164  49 164  14  14  87  34 169  50  16 155 176  46 121  28  14  57  10 165  12  66 175  75 138 178 117 133 153 123 136  55 141 155  24 142  45 165 123  48  46  55 187 133 171 174 
115 116 126  14  15  63  76  75  25 118 175  48 111  38 125  90 190 118  60  22  88 198 138  27 176 116  86  44 130  58 105 138  25 122 111 110 114 160 194 194  20 176   6 117 134 171 136  60 172 102  76  26 130 184  55 111 155   4 190 
 82  85 164  12 155 189 130  94 129  99  12 144  95 124 178 138  16  90  90 198 159   9  60 153 152  58  81  90 106  16 152 165 124  34 119 105  81 136  92 111  75 123 155 117   6 112  81 159  72 104 130 178 178  94 164  21 135  28 196 
 54  55 153 104 114 165 150  66  56  20 108   4 106  21 117  72  85 166 183  99 153  60  36 104  10 135  88  57  51 169  76 159  86  81  69 178  49 164 195 161  20  82 117  45 121  90 174  42  12   9 178  84 180  86  33 159 118  56  86 
 46  88  99 154   6  14  91 178 186 116  88 104  66 117 196 112 158  65  24 168  50  28 140  96  68  56 186  74 117 125 174 128  85 171  88 121 129  55 150 102  66 189 161 130 195 144  75  42  86 102  39  10 192 120   4  86  22  80  12 
 27 125  49  99 183  80  55  96  18 119 140 153 110  64  93  26  96  91  75  22  62  56  65   8 189 133 175  39 155  75  96 156 106  92  16  86  99  94 174  64  10  30  91  66 154 102 196  65 178   9   6 117  57  85  46  49 195  98  87 
117  78  12 106 119  46  56 105 186  20  20 178  85 123  117 110 176  46  25 144 164 182 100  70  36 188   4 125  34 192 118  84  44 192  40 160  54 175 189  75  15  32 123 128  48 134  93  26  50  49  63   9  69 116 187 147 100 144 105 
 70 161  10 198  93 185 155  22 158 118  63 140 170 160  12  93 160  38  98  46 198 143  18  27 100  62 132  88 118 194 198  95 104 119 125 114 186  30 140  14  90  78  24 185  70 114  21  52 120 183  26  87  82 192 144 159 175 147 110 
118 196 126 146  72 119 119 174  48 188  86  57  32  91  68  66 140 187  16 141   4 152  99 160 128 126  22  22 198 174 159  20  55 155 117  78  49 105  32 116  66 183 186 148 158 168  40 129  81 135 182 143  82 118  63  84  58 190 161 
 16 196  95 178 106  90 126 169 150  99  20 168 144 176 117  86 152  76  28 198 160  94  91  70 166 188 182  22 176 153  117  94 114 165 185  78 146  84  32  85  58 161  33 159  54 166  65  32  87  51 154 194 148  76  74 146  63 196 165 
185 152  21  84  81 121 148 126 111  21 120  64 184  72  49  57 106  38  90  38 160  84 111  24 117  117  96  74 155 174  55 195 154  63 110 156 117  99 161  96 111  34  80 159 117  18  78   9  87 156 100 114  28  56  75  30 132  117 159 
141 106  63  85 141  12 143 165 186  66  22  94 118  81 160  55 154  94  78  46  70 150  75  15 142  92  95  88  24 114  42 175 184 105  32 169 145  88 148 161 154  66  88 174 110 154  25 182 178 180  86 175 124  56 152  14 120  65 120 
 70  35 196  46 132 194  32 168  68 128  64  39 164  63 121  99  48  91 159  27   4 160 182 140 138 176  21  70  117  34 106 159  55 190  85 184  21 188 174  95  21 175 136  80  69 125 128 155 110 129 130  69 152  24 118  54  44 105  95 
 66  72  36 185 194 144 159 125 135  22  94 123  90 128  62  32 145 106  48 135  80  64 182 125 146 130  68 175 188 166   4   9  66  63  45 143  36 104  50 189  14 100  75 119  66  94  117 136  88 147 112  78  20 168 145 188  55 164  117 
 57 138  75  64 165  30 165 120  40  42 122 168 198 190 160 189 106 133 117  86  46  34  39 189 102 182 132 117  32 104 150 190  21 150 135 162 134  51 182  69 180  66 155 145 121 122 155 183  26 128  52  98 142 110  24 126 117 123 117 
110  74 185  45  51 155  22  32 129  32  18 164  60  33 125 143 122  90 153  51 175  44  56 188 130 154  52  12  84 166  26  18 144  14  90  56 160   9 175 133 132 172 174 140  91 194 135  94 152  60 111 117 178 178  33  39 138 159 142 
  8 121  32 169 128 136  99 129 100 184 112 136 114 115 102  88 172  98  46 116 133   6 158  62 136  38 169  48 184  76  92  74 115  26 174  22 119  10  99 122  72 140  30  68 159 100   4 198  42  36 194 172 161  94  14  51 190  64 194 
 66  57  14 136  35  50  82 143 159  46  35  84  95  70 175 118 159 141  46  91  65  26  84 147  12  22  39 146 132  51  49 194 165 182  65 134 170 154  91  85  91  63 168 117 140  39 124 115 140 175  20 165 187  66  75  33 172 162 129 
164  94 156 164  39 160 140 153 165  70  48 164 153  35 172  24 187 119 160  27 125 112 130  16 195  28 187 142  21 116  44  69 143 142 121  95  99  28 123  30 144 136  34 146 117 192 189  24 189  36  88  94 132 138 116 182 188  117 134 
