99 18
115 164 124 196 144  34 124  24  95  90 184 119  75 175 148  34 126 171 
 38 130 185  58  88  82 120 41  95  69 174  85 145  95 169 120  27 190 
 10  63 111 102   6  82 127   9 111 140  47  51 148 171  70 159 168 160 
182 171 155  85   4 117 192  14  99 180  78 115 162  57 190  26  74  63 
158 106 134  44 141   4  70  26  45 117  65 125  49 147 105 135 122 161 
 74 116 100  98 148  88  88  34  60  60 161 156  57  28  25  98 188 125 
114 147  49 118 171  78 146  22  40 155  12 122  16 143  48 115 161 170 
106 114 183  24  52 156  82  90 126 155 114  87 190 104 142  50 117  86 
134 114  74 143 192 110 111 73 162 164 195  87 198 126  96 118 130 194 
 44  91 110  28  93  66  28  14  34 154   4 105 164   4  88 115 126 164 
 60   6 110  24 190  92 172  32 114 105  92 194  117  20 180   6 145 125 
156 172  14  70 168 174  22  91 187  68 190 142 117  18  35 106  40  64 
134 165 156  60 110  93  48 126 117 185 168 120  82  50  87 105  20  98 
 76  62 144 128   9 105  42 142 165 195  69 165  93  70  94  99  51 182 
  8  95  81  86 145 134  20 111  55 176 100 100  88 130   6 116  62 120 
 57  34 117  68 184 175 158 156 132 171  72  26 184 133  24 158 166 185 
 80 172 100 159  80 122 185 170  28 156 123  74 148  68  60  55  72  75 
121 100 129 152  18 141 159  42 135 194 130 120 111  82 196 126  36 111 
180  26  98 158  40 171 130  12  60 195 168 119 100 171 117 129 134  55 
 78 136 170  51 108  16 144 121 117  65 171  33 183  95 108  50 190  21 
 92  55  12 142  58  32  80 175  55 176  14 140  74 111 168  38 148 160 
146  82  52 153 136  33  39 198  44  22 123 117 108 115  34 136  68  54 
 30 155 188 150  34 121 164  94  76  70 180 126 136  33   8 110  63 100 
184  12 124 102  85 168  90 129 100 166  25 116  87  34 148 134 187 186 
 93  22  74 120  68 185  56  78 176  91 171 175  94 129 183  93   9 143 
 63  51 171 172 142  90  94 153 161 148 172 161 154 112  42  33 141 120 
182 192 100 186 108 150 153  80 126 124 117 160  58  86 165  28  76 171 
117  21  10 150  60 121  45 120 132 140 180 110 112  35 141   6 147 146 
162 170 105  65  58 160  14  96 172 100 144  40  49  63  82  60 150 146 
 66 184 130  21 126 138 186 183 145  15 106 104  20 150  42  20 161 141 
165  68  46  32 152 135 140 118  15 178 154  49 133  46  56  40  81  80 
145 190 158   6  39  38  69 100  69 117 141  10 174  86  55  117 118 172 
 44  68 174 141  99  33  48  50  22  52  87 155  68 155 112 186  117  69 
 38 185  68 188 108  76 195  88  36 122 125 145 123 123 111 117  66  26 
189  96 161  75 192 123 153  54  75  36  18 125  64 142  62 140 198 168 
 74 129 185  98 184 118  84 180 178  96 124  96  72  50  91  30 168  76 
 68 183 108  54  94  55  21 180 146 116 135  88  57 159  28 144  35  26 
175 142 140 195 125 169 164 160   8 170 159  92  66 162  38 106  78 174 
 91 125 102 142 187 118 122  49 136 108  87 144 144  56 106 147  87  93 
112 104 142  75  10 198  117  58 155 172 194 122  63  20  40 140  69 129 
166 160  84 174  93 128  15 159  68  46  51 138  18  54  54 170  70  21 
 66 142  60 148  69 159 117  93 156 125 174 105 108  62  35  18  42 145 
 85  38  54 138  75 156  25  33  98  55 115  44  93 194  14   9   6 184 
184   9 133  28  78  65  81  57  35  94  20  10 154 184 188 120 145 135 
 70 118 123  76 146 176  90 133   4  87 117  45  74  50 120 102  32 122 
 64 138 117  24  46  81  42  10 164  56  21  21  98  42 171   6  68  96 
 30 161 185  81 116 187 106 184  25  85 186  75 182 148  88 195  34 123 
 88  30 169 117  25  46 155 128  84 133   9  38  90  33  54  12 108 166 
 58  30  20 100 110  74 162 111 115  46 110 145 110 128 161  40 133 135 
184 125 133 196  21  78 188 123 187  52 150 183  46  69  64  91  56 128 
115  93  93  76 190 196  85   9  78 132 117  90  51  64  21 156 150  12 
120   9  70  21 162 118 138  94  82  24  78  94 170 112 158  34  98 124 
 30 164  38  93 114  65 123 165  42   6 134 190  32 105 187  49  48  87 
165 158 150 136 156  86  76 161  34  35   9  56  86  68  48 170  36  36 
 30  32  34 138  66 122  12 198 180 186  35 130   4 169 105 146 153 102 
 95 160 128 189  60  63 180 124  48 171 194 178  28  74 166  20 111 130 
 46 162  72 145  49  94 115  80  38 105 158 184  95 158 122  65 106 120 
 63 161 150 106  10  36 194 143 155 170  30  18  91  98  70  98  21 134 
116 143 128  21 188 174  30  42 105 106  42 150  55 114 153 190 104 115 
 21  96  86 102 170  36  88  58  21  68  25  34  66 194  64  49  85 132 
 72 130 198 190  60  12  33  12  33  27 133 105  88 145 170  99 194 129 
 22  92 134  85 152  48 194 190  56  80 133 198  63 194 188 154 161 100 
 18 122  22 140  84  60  90  28 130  36 124  95  66 132 108  16 178 117 
 81  42  36  46 169  24  27   6  52 147  85 111 110 189 133 144 105 122 
123   8 178 122 125 172  38  65 130  87  65  57  58  26  96 164 111   4 
195 196  65 134 120 158 108 130 138 156 140 117 112  16  50  50  24 142 
 94 189 184 150  30 154  38  93 116  65  91 188  39  117  40 158 178 136 
195 117 192  35  78  57  86  52 147  90  90   6 172 188 119 182  72  50 
130  78 192  42 175  10 124  40 121  42  56  34   6 159  48  63  84 164 
147  69  84  50 147  60  40 108 104 130 110 155 185 192  90 158  63  82 
 75  72  63  117  34  15 114  96 124 182  14 185  49 100  50  28 143  66 
 48 148  49 156  32  96 158  78  72 190 117  92 114 115 194  65 126 141 
165  52 146 115   8  95  82 134  26  86 170 182 174  81 144 180 122 159 
 42 114 183  57   8  88  93  91 150 152  14 143  88 144  82  96  45  88 
  4  52  51  90  36  36  40  40  44 154 155 198 156  82  64 150 150  99 
198  84  35  88 152   9 140  16  66 147 153 132 168  93 105  42 164  49 
 32 125 121  58  93 188  38 120  81  76 141 143  36 186  45  72 180  50 
136  32 135   9 156 158  85 116   4  66  55  42  24 195  54 192  12  82 
112 108 114  10 136  70  30   9  30 105 117 124 187 124 117 106 102  80 
108  12 196 172 183   9  81  55  60 141  46  82  36  25 129  68  30 125 
 65 180  27 128  27  20 105 100 186 154 119  70  93  52  54   6 117  92 
 63 145  30  98 165   6   4 125 111  94  45 106  76  58   9 122 112  39 
 88 180  38 171 119  94 166  39 195  25 122 115 115  35  92 143  64   6 
120 178 130  65 143  99  12 143  57  63 102 185 133  75 135 124  87 105 
122  18  15 164 165  24  70  51 185  56  40 184  50  88  90  56 190 160 
194 192 190 108 189 190  72 183  99 183 156 171 194  54 150  76 102 169 
198 176  56 125 114  40 118  63 130 136 172  39  28  12 158  10 110 146 
155 175 100 102 142  38 135 175 170  33   8 111  24   4  26 196 148  63 
 84 161  10 111  117 102 145 138  84  28 118  15 117 133  99  52  82  60 
 48  33  92  75 164 194   8  56  76 142 124  49 183  68 106   9 135  52 
 80  16 187  38  50 185  85 156 120 147  72  22 147  60 176 102 174 121 
 117  68 135 170  51  32  90 186  72 153  46  51  55  22 174  117  24 161 
 45 162  91 154 136  70 120 112  82 115 189  82 196 106  56 189  25  91 
169  51  32  69 142  26  70 114  60  48 104  44 192 165  91 119  40 132 
 70 186 104 108 180  63  45 169 152 174 115 165 169 143 117 192 160  15 
105 140 180  16  35  57   6 119 132 183  88  34 115 115  74 136  55  80 
 95 185 194  98  35  86 188 185  15  95  98 196  93 185 168 146 195  72 
117  35  49 128  26  51 190 184  74  25 143  26  98  63  38  10 147  81 
128  99 120  70  78  91 174  54 169  26 146  27  28  85  87  48 176  54 
