63 78
185 172  27 120  20  40  63 140  87 185 174 176 132 111 128 150  127  22 170 189  86  99 106  94  75 198  33  62 150 165  82 196  86  46  38  84 140  72 172 142  51  51 124 129 190 152  36  16  81 111 104  45 111 110 180  94 159 133 187 144 129  28 188 112  78 132  78 186  82  35 143   4  78  58   4  18 150 129 
 14  92 174  95 125  18 166 102 164 116 130 170 140  60 142  10  48 153  30  28   9 175  48   9 192 146  16 170 188  10  60 160  88 176 188 146 135 142  96  78  84 129 188 178 124  18  69 125  10 156 188  69  34 187 129 115 115 117 184 120 102  69 135 120  45  27 169 108  75 148 115  49  87  27 105  33  87 190 
168  87 128 141 120 129  99 170 159  75  34 106  93 152   6  44 189  91  75  22  98  48  60  76   9   9 184 134 145 177 194 156 182  50 116   9  51  64   8  69 112  20  80  15  36  94  51  49  93  85 183 150  30 168 144  78 134  14 144 140  51 135  33 171  78  77 189  85  55  95 152  44  22 186   8 178 186 126 
 64  64 187 153  22  46 152 121  66   6  39  24 175 188 172  92  36 160 100 194 105 162   8  18 143 114 160  90 180  38 196 145 106  70  18 134 155 124 155  72 104 198 162 175 112  32  38 111 130   9  56 192 132  15 121 104 124 114  91  91 145  87 152  57  75 166 121 160  10 112  95 104  64  12 180  77  38 115 
 60 132  26  85  20 180 135 117  94  78 141 176 134  28  51  88  60  49  35 186  92 110   6 117  75 150 159  92  77 145 115 166  88  57 126  66  56  58  51 112 184 177 142 188  62 121 114 119  69 105  94  75 158 190  82 161 177 119 110  21 111 160 142 172 148 177 115  74 100 100  80  15 189  52 147 106  57   6 
 26  32 119   6  24  88  99 152 120 119  72 177  30   4 126  193  25 193  33 185 106  76 190 168  28 169 138 189 141 112  92  26 144 153 165  64 135 172 142  52  98  10  16  80 130 182  56 165  16  69 187 128 190 121  64  40  82  45  60 128  66  32  81  32 115  21  22 138 110  60 106 159 124 147 153  15  42  65 
 77 138 162 194   6  24 165  10 132 141 117 121 129   6  39 176 136 192  80  50  33 134 162  52 182  57 142  10  38 189 168 129  55 169  56  69  88 174 114 136 164  55  56 154 144 136 174  62 132  12 138  27   8  75  49 118 141 154 153 180  81  28 158  44 141  63  64 148  30  78  70 164 155  92  75 180 141  64 
132  48  12 194  45 143  24  16 177  42 124 192 144 100 166 110  76  10 194 125 153  98  36 100 166  38  57 174 130  94  62   9 142 112  12  22 108  75 176  18 169 100 164 176 150  70  58  74 110  28  55 142 119  50  40 159 154  24  39 136  49 182  87 105 145  84  24 192 188  55  72  84 130 152 145  78 140   9 
117  84 168 128  24  60  69  34 126  98  99  85  12  18  64  96  18  25  20  82  56  80  35  10 196 150  92 190  15 161  50 153 121  38  44 116 161  20 110 155 122 190  12 172 168 159 136 187 198  78 148 154  35  46 114 132 150 135 188 102 144 166 134  35 116 123  21 136 170  58 138  99 152  18 135  39 152 146 
 95 119 174  49 159  12 188  57  78 150 195  93 158 165 164 170  58 194  75  50 123 104 136 142 141  78  91 122 195  27 121  28  99 123 186 161 117  60 120  86 100 186 106 136 100 155 112  26  70  45  93 177  96 170  26 176  91  51  62 159  50 184   9 108  30  70 118 128  36 154 116  35 155  14  54  72 140  42 
180  98 164 124  48  39 134  87 119  84 129 134  21  27 138  54  163 155  10  55 112 141  78  80 102  57 130 116  12 196 108 138  54 182  28  69  92  75  58   6 132  49 182  15 166  52  77  52 112  56  21 104 112 122 138 138 174  74 104  45 168  70 194  58  60 116 142  72 146  15  21 164 102 166  69  26 119 117 
132  58 147 135  93 147 176   4 159 126 105 158  48  75  77 138 134 178  27  27 121  46 136 133 105  24  80  94   8 146 176  28 105  44 104  45  44  63 185  28  38 176 184  66  99 184  33  77  20 144  85 143  72 174 124 185  22  64 169  60  82  46  75 174  28  35  63 159  77 140 192  65 176 194  75 126  96 154 
154 126  14 130 106  20  26  62 118 111 142 192 146  95  55  84 172 192  22 153  35 126 120 111  21 115  98  85  66 177  42  39 169 150 180 138 117  32  21  56  58 188  58  33  70  27 126 132   4  66 121 148  90  75 122  33 114 110 169  18  81 144  58  30 112  85 148  38  27 146  25 144  77  52 140  36  72 125 
161 100 115  72 166 169  69 134  72 141 143  85 115 104 158 168  10  42 112 120  75 153   6  44  69   6 117 182 192 180 102 166 186 124 180  84  65 161 159  81  51 155  72 171 196  22 114 187 112 116 104 168  20 140  77   9 134  65  57   4  54 102  49 115  95 133  81  94  18 114  42 169  24  50 170  35 152  27 
184 158 141 135  27 136  12 178 178 187   9 153  20  30 182  16 175 156 121  49  62 142 124 196  90  28 117   6  99  27  98  51  24 141 183 128  60 188 198  65  96 102  64   8 174  66  56 122 120 129 150 104 136 150  64  64  91 168  70 188 147  30 112 169 168   6  96   4  98  40 158 148   4  95 105  76  25 140 
118 156 158  50 133 162 171  20 178  95 155  42 155 136  93 140 176 188 140  55 169 165  55  99  39  98 172  50  90 120 145  42 159 145 166 185  33 175   8  69 171  78 194 189 120  88  35 124 192 153  81  70 177 126 146  56 119 112  36 170  38 189 152  34 160 177 130 125 180 160 154   4  94  78 198 184  65 185 
 46  94  57  72  81  54 140 171 185 159 154  51  27 105  16 119   6 171 135  63  81  93 175 154  94  10 128  82  54 116 142  93 130 135  27  48 140  87 189  74 174 146 187  77  42  76  40 102  78 145  50 158  69  14 121 170  77 155 142  81 118  66  57  68 114 120 185  52 105  34 118 100  78 140   8  58  33 177 
178 170 189 126  16  95  14 196 130  32 196  38  14 148 122  69 123  49 138  93  78 136  78 128  27  30 128  20   9 158  56 144  33 111  93  52  15 150  44 152 161  58  34 133 171 141  62 190  69 186 150 150 125  18  82 178  75 175 128  98  12   8 148 119  78  50   6 126  42 180  57 118  38 112   6  20  18   4 
 39 128  12  52 122 140  96 184  80 183  93  44 117 105  20 106 119 198 100 150  63  68 124  93  20 182 102 125 187 196  22  32  28 198   6 147  92 182  12  94  85   4 194 114  95 115  88 180  77  38  74  49  28  48   8 130  45  86 128 114 105  21 140  94  22 117 104 117  81  64  39  20  88  51   8  58 104  84 
190 175  90 125  34 110  76  42 129  44  96 118  46  36  74 146 140 135 143 195 121 135 147 144 171 116  72  99  48 108  16  26 140 135 177  66 147 190  86  36 100 106 128  45 177 161 168  51  80 185  26 170 102  28  88  72 115  18  44  21 192  20  82 134 134 140 129   8  10 105 171  33  14 134  45 148 106 112 
159 125  86 178 141 182 171  94  95 129  36 133 154 166 102  96 104  69  34  38 156 130 189 160  40  84  85  18 115 164  15  56 150 198 124  94 129  16 187 185  76 129 160  76  85 142 194 132  45  12  32 170  38   6  21  78  72  18  44  44  65 164 115 170  32  25  30 134 129  64  34  68 102 136  55  10  32 136 
195  96 136  55  46  12 196  63  21 186  90  77 104  10 108  74 187  27   8 118 128 188 138 122 102  80 100 126  96 198  99  69 114 135  63  40 122 141 166 133  18 160 140  60 192 142 128 129 136  66 138 182  14  74  36  40 182 188  12  48 117  72 132  93  70  65 152 129 147 140   6 171  60  18  58  92  68  34 
135 104 187  58 124  14 100 111 122  80  75 160 138 155 126  78 188  49  15 166  34  57  88 126  77  44  87  32 143 128 172 126 174  63 117 198  45  62  22 164  90  22   6  51  82 182 142  87  39  72  44 150  60  74  55  51 108   8 153  52 186 115  95  34 134 171 138 180  26  90  50   6 112 188  48  74  78  15 
 72 180 187   9  81  30 140  66 187  54  96  87 175  49 164  70 195  16  40 132 162 188  22 115   8  12  60 180  87  70  33 135  95 104 136 189 158  39 125 189  81  25  40  55 194   4 121  28 133  20 165 129 194 150 165 147  42   9  16  63  27 116 100 143 187  81 145  56 182 192  35 112 152  93 108 106 122  63 
 82 176  25  75 172 106 146  82  36  58  34 116 141  12  50  60 142 120  51 120  18  95  22  51 124  82  35  66  49  90  12 140  51  78 183  57  90 142  75  90  25 184  34  90 162 135  75 147 189 156   6  40 178 171 150  90 116  82   6  42  92  94 198  87 170  84 161  52 141  51   6  38  16 132  10  40 114  48 
183  27  25  25 124  32  32  78  57  91 186 186  46 195 152 121 116  65  51 155  34 168 122  90  60  98  70 125  84   8  54 122  42   8 171  92  92 119  46 170 136  12  69 144 194 152 182   4 105 178 146 129  85  25  34 145  93  62 129  20 188 171  15  62 183 176  33  35 128 141 190 115 186 115 161 182 123 106 
 91 108  77  21  91 184 138 124  21 121   8  28  92  32 188  68 150 148 102   8 136  82  48 182 136  46 114 119 165 123  12 198 170  35 105 154  85 184 168 133   6  30  10 161 117 178  75  42  52  22  10  49 133  34  68 176 138  48  55 105 133 190  66  24 195  16  78 142 118 140 145 140  92  26 165 156 160  24 
 99  62  28 124  91  91 114 125  26  39 122 102  98  70 100 110  86  66  57  32  26 110 185 195 170 183 120  75 159  94 104  46 136 114 118 186  44 165  30  16  95  95 175  56  88 168 192 141 168 123  33 116 155  56 153 164 147 188 171 134 161 118  14  49 155 178  22 114  28  62 154 140  16 178 155  28 129 116 
136  22 170  44  21  39 198 145 154 141 195  45  93 117 111  72  54  80  49 135  42  66 156  12  34 119  38 154 194 144  65  28 128  60 177 187 111  63 141 185 186  30 133  78 150 148  68 162 183  62  45  34  49 119 134 162 130 159 156  34  35 185   6  60  88 177 166 159 118  62  14  65  86 172  95 115 142 198 
110 175  45  27  25  93 198   6 133 198 187 110  95  24 147 180 162  10 162 143  92 182 188 144  40  65 195  28 150  10  10 187 110 138 188  24 111  91   4  34  63  24 185 150  25 145 169 156  92 105  27  39 117 114  91  87  82  90 198  12 146 129  50 164 190 189  64  77 160 110  15 141  95  64 146  15 171 140 
183 195  26  51 104 171 180  82 108  86 186  27 184 124  70  82  32  36 140 119 119 184 198  36 192 118 148  93 128  74  82 164 168 166  86   4  12  48 190  40 195 156 128 196  35 177 170  22  65  25  90  36  15  93 100  54 145  30  14 125 126 153 136 119 159  28 160 168 120 176 155  82 190 171  64   8   9  34 
155 154 188  16 170 187 184 135 148  78  69 160  62 122  70 132 196  99 188  52 121 136  49 120 175 155 100 124 106 116 153 121  26 124 169 161  66 177  20  20  36 146  36 174   6  58 155 186   4  48  39 184 135   6 133  78 126 110 122 175   6  14 196 161 143  65 172  96 134  49 156 147 124 105  58  21 172   4 
125 125 135  35 175  48 126 128 187 121  98  80  54 147  91  39 171  27  85 102 168 123 156  80  63 118 184  22  25 170  16   9  64 183   4 102  58 121 146  28  66  40  60 180 147  55  86 130 155 117  12 115  35 190  72  26  96  70 132 186  39  25 184 145  80 172 124 185 169 138  87 146 186 162  86  96   4  60 
196 125 102  84 195  14 136 120   4 129 182  46  70  81 161 196  93 145 184  87  16  22  54  51 145  86 129  40 147 143   9 100  86  44 105 102 194 123 172 188 161  40  96  36  28 156 142 116 177  87 120 160  96   4 155 175 110 187 122 126 177 119  35 105  74  64  24 123  39 119  58 153  26  58 162 187  18   4 
 10  10  54  30  78  56 168   9  40  40  12 102 192  82 172  10 123 123 132 154 174  57  56  96  75 154  91  92  16 128 112 110 152   8  85 152 122 186  10  45 141  33  27  28  30  32 145  49  88 135 188  57  22  77  91  38  32  54 166 110  63 180 178 153 165  22 168  24 142   9  33  93  39  48  32 183 112  96 
169 133 123 110 124  36 158 106  42  99 150  95 102 102  56  36   6  55 188 118  51 122 190  81 117  14 142 110 125 171 161 196  82  66  80 136 180  24  34   6 170 168  12  68 124  25 133  69  95  82  16 124 111  27 120 143 188  74  40  20 134  12  10 165 192 105  64  72 118 135  70 106  44  68 185 121  90 110 
 55 168 177  26  22  72 112  35   4 165  51 192 158  54 153 130  56  26  22  80 162 117  39  22  69  85 146  82 190 108   4 153 104  87 147 123  60 116  25  66  21 152 122 111  70  64   9 159  46  70  77  98  44 112 158 134 171  84 134 126  34 142 185  93  40 155 159 158  75 125 104 132  60 114  45 114  77 129 
182 159 178 104 175 115 190 122  77 102  93  84 115 119  81  24  34 143 141  72  18 133 152 155 119  87  85 183  77  91 154 162 186 152   8  48  84  82   6 195 135 192 166 161 145 182  94   9 141  38  63 172 170 104 172  28  99  56  72  49  52 150  86 166  60 111 112 117  92 153 115   9 118 170 116  88 136 102 
183  65  20 164 140 121  12 169  25 142 142 156 114 153 108  20 119  60  36  74  88  86  58 104 154 187 136  15 100  95  98  33 183  57  49 159 164  12  68 186  92  62  99 161 154 188  39 185  50 123 198 114 187  36 153 150  34  16  21  35  45 122  76 119 135 114 184 190  63  49  78 172 156 169  22 146 144 108 
125  45  98  99  26  60 134  64 190  56 195  25 172 186  30  46  48  77  28 185  86 198  87 118 160 152 164 136  88 177  18  32  50 194  62  36 138 143  98 146  34  14  36 168 124 132 129  38  63 159  18 174  46 104 195  90  57 122 183 136  32  92  70 148  77   8  32  46 165 194 130 133  66  26  10  57  32 142 
136 141 194 121  22 129  33 105  32   6  60  82  48 105 112 105 102  55  77 124 129 162  16 188 115  99 161 159   4 165  57 138 102  46  68 172 161 185 129  77 189   4   6 172  64 121 178 112  76  70 142 184  52 177 176 189   9  12 168 118  49 160  80  34  48 176  30  48  18 153 182 119 168 146  94 122  56 188 
 14  39  66 121 166  15   8  51 119  75 176 176 126  27 177  38  35 168  62 192  35  40 195  76  33  12  87  49 177 118  92  42 112  45  70 152  63 187 176 187 144 147 168 145 154 184  57  93 156 135 192  28  74 148 122  57  94 142 125 132  62  45  86 135  25  63 172 108 178  46 135  14 174  84 123  76  48 114 
 62 185  49 122  68 178 194  38 120  65   4   6 155  74 152  28  98 175 133 183  64  55  28 117 138 104  24  98  49 156 158 147 106   8  33  34  27 182 133 148 176  81 119  78  64  48 184 175  87 146 165  82  64  84  12  30 152  68  70  64 162  38  33 100 128 160 148 119  25 168  16  85  40 171 174  74  16  57 
125 120 162  94 168 136 189  38   6 147 143 108 123  94 164  77 198 168  49  49  46  10  57 180  12 140  49 138 106 195 174 168  39  16  60 120 168 105 130  82 182 120  30  60  64 142 174 112  78 114  20 156 185 121  44  76 188 166  54 175  16 176  26 105  86  52 144 124 108 108  12  92 147 104  75  95 160  18 
 54 106 196 106  55 170 135  18  20  88 115 100 170 153 189 158  78  62  36 104  70 196 152  69   9  24  94  57 126 150 115 142 142 185 105 150  46 169   4 142 185 125  51  14 161 174 118 162   6 177  91 164 130 189 162 112 129 178 134 164 164 188  66  58 174  76 162  87 188  78  70  62 160 123 115 142 135 148 
 60  85 158  42 116 172 147  50  94 185 105 156 116 192  49 188  36  66  50 129 162 194 192  77 168 156  74  33  98 117 180  82  10 125  35  24  85 132  94 118 152 118  76 155 147 124 129 143 119 186 195 143  49  87 145  78 146 198   6 120  24  76 100 168 140  82 132 133 198  78  36  39 133  49 162 170  40  72 
194  86  54 175  62  15  15 195  33  50 136  92  68 147 121 128  39  85  70  94 141 132 121 114  22  74 160  14 132 153 104  62 112  25 190 168 130 182 116  51 141  34 172 145 194  88 195  32  62  70  54  92  48 186  65 172 128 189 159 155  42 123 148  94  98  84 119 171 114  72 158 111  91 156 169 175 159 141 
 72  68 147 142 121  56 144  77 198  44  48  70  64 136  75  36  63 160  85  90 177  49  14 114 186 145  54 180  92  87  20 106  24 187 121 146  96  38  24 111 147  36  50 121 118  26 100 111 105 196 182  62  58  45  39 122  42  26 154 178  66 148 148  98  22  82  46 147  72 108 125 187 156  18  36 100 126  38 
141 152   4  27  76 105 128   8  14  46  44  51  85  45 188  58  85  42 152  12 112  78  95 130  55  92 142  92  78  74 126 196  26 143 195  33 168 172 119 100 104  58  57 178  58 172 112  42 195 117 164  30  58  76  38 180  38 135  35 134 154 123 170  32  33 180  81  42  25 126 168  91 148  26 123  49 140  44 
141 155  76  88 161  15  70  24 110  78 160 115  64 114 185  33 119  36 108 141 162 104 102 187 178 175   9 194 118 102  50 145  15  25  65  74 155 146 132 184  91 106  81 189 140 124  99 177 108 155  92 118 117 142  14 118  35 112 106 156 145  36 185  76 135 170 146 186 110  68  46  26 124 174 189  39 180  30 
 91 116  12 175  20  62  25  64  84 120  35  39 110  78 112  64 119  27 178 136 126 110  85  36  49 156  88  32  77  78  22   9 170 169  62  84 166   4 170  10 129  54  66   8   4  93  36 123  25  38 178  46 135   9 171 120 114 112  51 111 171  98 164  15 148  48  74 122  78 125  65 135 168 182  15  62 180 183 
  9  68  62  42 126 160 171  22 129  27  10 138 125 166 178 161 194 104 175  98 184  18  85 115  25 147 161 118 117  58  60 106  56 198 106 152  86  68 198 165 171  99 168  14 176 140 171 133  38  68 115 117 165 188 120  46 161  88 120 176  16  39 168 156 108 130  84 185 105   8 147 119 129  56 153  22  56 126 
 25  74  46  96 153 160  27 190  91  98  54  10 141  56 125  68  25 182 153 141 187 118 130 130 160 185 122  14  62  98 177 135  52  27 155  78  94 189  38  14  70  48 183  69  69  39 184 108  72 156  28  50  30 153  75  62  44 180  10 185 156  99 104 104  22 141  62 144  55 192  58  94  46  70  22  54 196  48 
 33  49 178  85  78  40 155 175 124 188 170  56  66  49  49  55 144 132  36 155  22 146 134 122  36  98  18 134 169   4  69  40 118  16 159  74  85 188  82 153  66 184   4 186 116 117 150 119 161  18 168  42 100 122 189 185 125  86  86 184 152   8 140  39 138 185 136 118 198 182 172 174 165  78 116 162 125 195 
140  49 136  95  35 160 147  64 116 105  60 154 178 130  14  85 138 160 132 172  33 192 158 147 133  92 185  74  64  56 188  27 140  52  46  77 140 129 100  76  46 172 198 119 114 174  86   6  49 108 124 170  62  44  40  33  45 147  86  34 110 110 145  93 196 120 164 106 189  26  60 106  92 112  80   6  15 115 
 91 170  63  30 161  40 124 142  84  82  16  57 171  75 190 162 162  63 166  99 187  82 104  92  38 112   8 126 194  99  15 174 194  22 160  94  48 195 192 126 129  51  28  87  99 169 164 134  65 142 180  45 108 175  49 134 174 112  78 119 133   9 177 138 117 195  76 134 164 178 185 141  74 138 147  27 188  87 
 76 183  69  77 183  81  12 105  87  70  85 116  24 175 185 153 108 147 156  65 155 172 162 123  92  60  44 138  52 183 165  93  21 125  74  84 159 106  14  35 145 195  36 142 141 140 105 150  63  42 118  78 165 142 150 175 115  44  65 185 166  57 189  21 142 155  55  12 195 122  45  32  20  27 158  27  21  90 
117 188 180   6 150 114 125 136 189  85  30  10  16  90  92 158 153 164  62 180  18 160  28 195  34 117 114  77 189 145  90 146 156 125  15  52  45 134 140  92  62 102  14 100 142 187  75  26  33  45  84 126 186 125  39 166  21  86 125  68 116 162  56 136 111 145  10  82 171 122  51  62 164  27  46  93 166 196 
 63 166 148 106   8 118 146 111  95 125 154 119 118  65  20  56 129  76 168 169 194  35 158 108 172  26  80 166 184 138 152  39 100 158  81 184  38  36  76  65  38 145  85  92  35  24 108 185   6 148  45  86 106  26 125  85 121  84  18 148 182  94  32 162 168 121 115  57  96 171 140  34 176 145  84  10 155  65 
156  63 122 171 196 165 182 180 133  95  45 190  57  40  85  64 138  63  91 178  84  54  66  12  90  65 185 117  49 104   8 164 140 121  78 132  72 171 190 176 174 141 128 112  64  84 117  30  52 170 178  99  60  42 145 122  80  35 146 144  74  12  94 123  68  44  80  44 155  25  92 144 178  54 121 158  45  84 
 63  39   6  49 195  25  49  99  90  18 160  50  91 171  93  70  14  85 195 171 192  24  34 165  91  44 136 106 159  82  62  96  85  62  74 198 196 140 186  51  87 124  36 153 170  40 116 159  95 185 147 162 182  77  91 165  81  58  15 152 122 146 129 111 140 196 102  88  74 154 120  98   4 159 180 123 160  84 
 69 120  74  98  80  33 158 115 174  12  66 166 148 166  28 112  85 104 183  95 147  20 168  85  30 190  21  54 184  34  70  86  39 198  46 145 130  18 148 150 147  69 112 135 114  78  38 164 120 169  69 183 104  72  90 184 117  48 130 155 142  18 134  91  99  58  10  58  99  86  55 164 178 142 140  38 155  49 
  4 175  98 185  74  20  40 116 178  99  28  95  82 102   8 188  72  16  57  38  87 178 138 146  84  93 169 185  40 188 130 152 177 144  12 132  49 195 130 165  50 121 196  33  77  12  90 195  90  96  99  50 175 119  98  90 126  25  72 177  15 120  48 136 142   8 184 183 124 165 120 125  35  28  99  94  21 121 
