40 52
115 180  72 132  95  32 138 183   6 180 168  57 138 122  90 169 142  45  22  75 162  98  63  78  12 156 120  56 180 192  10 116  33  68 136  36  62  46 176 153  93  51 190  84 123  86 147 152 125  32 124 164 
  9  39  93 102  63  93 146  84  27 125 146  74 123 140  82 134 184 155  18  57 136 125 105  64  26 165 172  35  40 130 123 148 117 152  81 183 169  54 152 136  30 154 120 147 194 100 134   9 133  70  62 136 
164  60 106  32 104 169 128 123 111  74  52 188  99   8 174  18  85 146 146  39  69  25  80  82 174  20 106 171  87 116  12 152 148  85  45 110  87  58  35 141 168 188  58  77  16  35  57 108 186 184  82  88 
  9 174 182 172  35  87 118 185  60  58 148  66 190  42 154 116 142 196  49  96 125  35  56 183 140 177  64  30 152 196   4  63 130  20 135  21 188 110 186  95  95  69 118 142 160   9 136  40  81   9 122 134 
 48 187 172  21  84   9  56  63   9 183 188 145 105  94 136 137 129 125  15  38  72 154 110  44  57  55  24 178 119  57 105 125 177  26 195 115  56  68 153 178  36 132 116 172 138 154  86  46 192  10 175  94 
132  55  68  32 160  10 177  69 182  30 195  45 117  64 89   4 127 187 100  36  39  66 116 128  49  45 142  94  74 165  14  77  87 145  18  54  24 129  40  81 184 187 152 156 186  75 177 128 119 146 153  76 
122 148 172 152 187 192  69 141 147  14 195 114 144  78 166 179 117  86  68 123 141 138 150 128  82  90 117 141 117  63 121 172 160  95 175  81  18 105  42 102 198  51 155 198 192 169  24 148  52   6  87 154 
 72  28  33  64 164  91  64  57  45 150 102  14 138 194  81 155 110  63  96 133  70 140  28  77 178  33 144 174 119 126  50 144  69  22 115 114 168  15  74 196 171 147 102 130 108 126  50  50 164 150  10  51 
174  27  78  51 176 187 105 164  84 135  49  90  80 196 192  21 146 104 112  36 156 144 141 136  12  68 194 108  57  75  32   8  40 111  46  56  45 126  33 184 164  27 195  14  35 147 182 185 176  18 196  34 
 26   4 100  28  87 182  22 100  77 175 125 180 110 183  84  96   8 187   9 108   4 110  51  69  26  21 194 162  68  55  75  98 148 178 145  50 102 114  92  82 178 154  64 174  56  16   8 160  96  86 190  50 
120   4 126  52 108  82  65  91  48 119 100  98   9  10  25 108  87  98 100 116  57 169 104  25  85  93 192 108  34  16 175  39 117 196 145 148 153  64 135 100 164 108 187 135 169  54  74  44 154   4 168  62 
132  54 104  99 176  27  65  96  76  70  64  99 185 144 183  52  35  88  70  10  20 168 141 142 104 195  75 195  26  12 148  65  90 147 108  55 180 195  99 146 147 141 160 146 183 120  69 165  27 160  46 104 
162   4 132 129  57 186  69  88 155 194  40  15  86  96  45  28 126  36 106 153  94 129 110 146  88 160 117  38 194  38 132  63  18 156 106  48  33  75  51  69 133  93  72  15  21 136 198  15  48 125  66  66 
147 160 102 198  85  51 177 144  87 184 119 143   8  52 148  58  45  55 110 119  82  55 132   8  78 123  50  75 142  33 112  52  78 115 119 147 165  33  92  72  46  24 161  98 102  40  42 108 155 164 152  57 
 77 180 152   4 195  99  64 190 119 154  27 187 185  92 156 143 188  64 156  50  90 176 123  57  65  35  98  27  14  99 164 133 170  52 124 172  92 182  24 143 119 174 187  34  95  18 162 118  84 148  68 188 
128 145  54 196 159  93 145 145  75  92  94  26 148 143  91 125  86 156 123  18 166  33 112  42  27 100 195  16  52  35 134 172 100 176 125  81 106 195  44  45  39 110 189 171 155 100 104 121  58 150  86 194 
 18  60  18 148 180  34  68  99  12  51  72  12  90  84  51 159  91  24 184  36 108 184  30  87  94 119 130  22 158 196  80  72  26 171 189 161 111  39 125 161 178  92 176  45 172  54  39 138  77  51  32  50 
161 153 152   6 189  90 156 187 110  49 104  66  50 132 183 150 111 106 117 176 174  95 114  56 104 196  44 136 186  46  42  95 141 150 124 145 122  57 190 100  20  77  27 190 162  92 178 117  64 177 174 116 
 93  92  36 102  91 187 105 186  14 129 138 128  35  45 150 147 162 166  10  68 100  36  35 185 172 195 105 176  58 195 166  72  52  15 123 154 117 105 175  93  70 162  30 142   6  42  62  85 122  36  77  25 
190 188  66 159  88  63  18 114  98  50  22 143  70  78 133 146  20 158 169 175  91 143 180  30 123  18 140  40 155  65 165 132 186   6 195 171 126 144 150  48  48  34  34  78 186  18  64 156  58  34 177 122 
 48 165 132  80  68  65 162 168 133 186 128  14 166  58  92 178  84  10 161  81  63  96 150 164  30  55  33 132 114   6 169 125 142 170 172  96  85  38  77 168 117 132  87  16  16  16 148 186  66 159  68  25 
111  57 117  40 110  38  80  25 176  72 122 111  86 136 138  78  57   6  35 195 124 166  22 175  12  30 129 148 172 110 121 185 105  28 119 125 126  45  26  52  84 184 164 116 129  92  55   4  96  80  38  20 
178  72  60  95 110  66  32  21 116  95  10  68  22  50 128 144 182 118 171  72  65 147 169 195 196 152 145   4 143  82 130  50  56  99  95  80  65  34 189  21  34  94 144  55  58 182  88  52 111 117 189 106 
175 150  34 158 180 194  62  96  55   9  81 164 145 156 112 174  70  25 192  49  36 112  49  27  49 126  60  85 138  64 112 145 153  58  75  86 168 136  25  48 138  21  50 183  98 119 185  68  75 119 111 121 
 30  63 141 128  58 108  30  58  84  27  91 145 154 153  16 147 168 180 144 161  45 177  32 182 184 130  46 121  28 119  33 158 100  60   4  30  22  95 142 138 164  82  46  35 145  51  87 165 196 124 170  64 
 18 165 136 140 115  24 189  33  62  65  18   8 123  81  20  55 187  21 105 176  52 140 136 178  21 160  96 187 106 111  84  30  96  48 147 121  60  34  62  99  30 114 146  98  74  16  48  21 150  34 100 153 
129 161  14 161 176 100  75  52 186  81 146 188  51 178  30  42 100  93 146  85  26 140 161  91  42  54 134  56 162 168  66 122 155 124  64  33 172   4  48  81  42  44   9  99  52  78 136 138 155  51  88  25 
186  55 189  94  57  63 182 171 165  52  16  77 144 135 115 118 134 182  27  27  92 171 124 195  92  44  21  94 144  82  44 159 111 195 133 119 144 180 138  45 174  68  34 141 196  44 147  28  60  62 147  69 
166 142 143  18 166 114 118 187 160 185 105  22  99  76 154  98 108 144 123 155 180  58  52 129 162  32  16 124  84 134 183 168  76 123  75  51  10  91  95 126  30 155  78 148 186  74  99  38  93  51  46  27 
146  32 122  94 176 195  25  51  46  34  81  36 121  34   8 184 143 132  51 133  69 160  91  98  95 187 155 138  87  46 100 184 104 102  87 143 192  55  87   4  36 170  65 142 182  54  55  70  55 188 122  24 
 39 130  12 192  49   6  93 168  66 147  45 111 190 144 188 150  51  32 183  99  62  72 165 189 178  80 132 182 187 141  42 176 180 188 118  75 185 144  34 154  68 129  65 146 119 111 198 158 123 175 152 119 
133  46  28  88 156 105 143 169  70 136 153 182  34 162 152 122 119 133  77 158  39 129 164  15  27  93 143  33  45  51  63 189  34 147 106  92  70 124 148 170  56 170 111  95 128  82 174  21 189  70 160  24 
 60 148 187 135 177 125  77 152  51  22  56  34 189 115  39  39 110 189 111  95  75 134  22 164  96   8 111  40   6  85   6 142  80  36 166  94 112 135  10 171 133  75  99 143 148 195 177  82 171   4  57  92 
 32 121  16  69  69 182 106 184  28  42  32  99 136  14  46 121  44  82  27 182   8 195   9 170 160  34  35 183 100 190  50 120 144 159  72 150 196  32  45 102  69 183 186  30  54 169  88  25  35 105 134  57 
145  57  25  21  15  21   9  64  27 104 138  48 147  74  81 164  91  80  44 132 180 111   8 128  48  15 155 112  92 162 183  65  80 147 117 180 100 142  75 182  82  85 189 198 104  12 110 100 125 104  25 155 
171  38  35 111 138 176 124  33  99  28  20 186  30  92  74 117 120 178  32  28 111 183  78  18  10 153  68 186 111  58 154 186 148  63  49  80 120  28 123 118 182 169  39  77  54 114 189 147  50 190  77 188 
 50 198 176 175 129   8  38  24 125  25  38 178  45 175  94 106  58  60 196 162  78  74  50  56  14 120 120  28 136 124  35 118  85 146  35 192 126 129  85 188  90 134  74 111 147 105 110  91 138  34  74  10 
152  22  56  36 154  15 198  80 148 133 162  32  20 152  12  98 141  68  62  56 112 166 135 158 142  76 196  25  40 102 141  58  15  38  20 196 146  34  34 121 128  30 112  70  20 165  52 192 145 187 119 132 
158 124 196  50 118 129  27  26 152 176 115 177 162 165  60  16 160  60  52 164  95 177 182  24 116  44 162  30 147 164  91  96  95  65  40 142 104  49 122 180 132 133 160  51  46  51  15 116  95 111 168 114 
162 147  54 143  90   8 123  52 161 120  35  60  24  91   6 168 102   9 198 105  46  22 140 122  88  82  30 156 125  56 120 136  55 152 119 115  39 102 187  45 134 178  90 143 189 189  98  15  69 115 158 152 
