9 37
108  46  14  58 120 115 134  21  20  60 168  40  35 187 187 135  74  62  87  26  24  38  70  94  64 178 120 143 190  99  16 155  63 134 122  66 170 
110  51 118 152  85  54 142  75 193  20  54 182 121 120 198 174 158 161 159  54  82  78 156 128  65 187  81 153 121 126 150  12  34 168 143 169 119 
164 114  54  65 168 108 164  78  54   4   9  86 125 155  26 186 133  27  94  25  51 146 143 136  54 155 145  22  42  98 110  10  91  54  24 159   9 
 51  58 174  98  72  32 186  62  76  66 187 168   9 168 133  12 159  64 144 129  99 168 118  36 166 138 171 172 164  62  70 100  18  25 138 178 177 
 14 182  193 146  70  15  27 140  55   6  90 118  193 126  38 135 110  78 132 172 115 134  40 152  21 146 162 184 144  81 196 198 154 190 155 144  76 
161  60 183  82 121 136 178  90  49  28 178 134 141  35  90 130  45  86 194 183 116  42  25  26 133  99 117 138 146 168 128 106   6 111 119 104  20 
 39 140  39  98  24 183 195  33 143  49 154  51  94  86 120  46  55  96 115  57 154  82  20 134  14 184 106  33 106  32  16 162  45  52  35 176 161 
 69 153 198 176 141 135   6  27 105 123 112  27  25  14  82  92  46 196  45 150  56  21   4 135  80  38 156  20 102  88 194 170  40  50 115 108 176 
 49  10 116  96 144  95  26 159  193  52 192  22  87 111 134 129  80  88  96  27 171 192  92  62 110 126 194 121  16  38  95  84  39  32 156  34 182 
