83 10
 52 117   6  78 108 124   4  99  52 144 
195 187 185  96  94   8 129  60  66 177 
 26  87 116 135 143 143 128   8 130 140 
110 176   6 143 160 125  87 145 119  90 
128 135  27 130  93  70  15 168 105 186 
 50  63  22 150  68  35 121 192  75 102 
 46 145  38 159  86   9 150 129 111 108 
 70  18 133 195  20 155  49 197 180 135 
148  54 135  36  113 186 122 102  10 148 
142  10  93 136  16  94 111 192   9 115 
 35 135  68 119  139 194 169 141 133 124 
108  90  95  99 120 183 155 3  20  64 
185 125 187  49  18  88 176 134  25 148 
 34 147 155 148  36 144 130 177 141  91 
 75 196  95 105  57  14  40 138  80 148 
136 187 138 185   8 196 154  18 192  60 
 81  68 148 124 119  85 133 153  49 128 
198   8 115 124  64  98   6  18  94 156 
155  76 141 116  27  38   4  65 185 170 
169  44 185  21  90 122 100  40 152  84 
174 119 100 147 144  85 178  58  82 180 
182 118   8 165 142 142  52 187 142  86 
 32 192  42 180 145 196  21  46  74 124 
158 128 188  26 153   9 141 198  70 136 
 27  76 116  90 165 104  15 135 158 177 
147 198  20  86 111  72  94  22 194 155 
 39  34  99  88 196  52  82  76 145  10 
175 195 158 147 130 195  77 158 126 196 
153  66  25  14 118 196 176  92 143   6 
159  20  75  64 104 126  28  44  36  18 
 50  62 184  21 170 135  93  94 118 176 
 90 128  12 132  77  94  90  15 174  74 
 49 153  90  12  42 196  68 142 170 145 
 26  26  82  78  21  88  12 198 130 130 
146  46 159 144  24 141  39 124 176 166 
185 158 120 106 153 140  85  65 198  62 
150  10 145 118 122 128 187 100  80 196 
 18  25 119  45  44  88 116  76  76  44 
176 111  84  26 172 177 177 175 178  48 
 51  38 110  94 145  21  56 166  28  26 
111  84  77 172 140 115  21  28  60  69 
166  64 172 195  36  86 106  10 144 111 
169 153  45  90   6  56  24 123 147  27 
 20 129 132  69 182 170 136   4 133 168 
  6  93  75 177 100 175  84  78 164 194 
171  99 147  14 177 133  50  69 154  66 
185  82  27 162 156 110  86 102  51 190 
134 145 124 175   4  36 121 168  81 134 
 44  18  76 108 144  77 132  54 165  80 
102 134 156  69 195  95 166 162  52  65 
138  60 198  94   8 147  81  84 194  63 
129 168  78  26  72 133 125  55 129  96 
 86 187 189  66  26 140 184  96 184 143 
165 123 145 105 116  76 168  10  84 105 
198 142 153 159 125 150  33 184  93 159 
 86 187  63 121  68  28 175  72  40 160 
 88 148 196  72  65  82 183 119 161 189 
186  69  70 138 119 124  46 160 121  27 
 60 160 177 123 194  22 198  56 130 132 
138 186  94  81  16  65 110 184 124 189 
165 116  76 123 122  20 152  52 110 178 
 21  91  49  38  92 180   6  93 100 192 
180  68 132  75  25  81  86 105 130   9 
 99 148  94 145 141  63 144  75 125 159 
174  80  56  94 187  99   9  58  26 124 
135 152   8 194 190 142  40 187  84  98 
 72 160  92  92  94  58  66  49  87 152 
135 187  49  86 140 166  82  20  48 129 
 14  69 143 124 148 170  54  99  55 119 
180 186 118 165  32  25 128 185 133  55 
 45  74  64 156  10 111 156  98  74  36 
102  48  20  44  14 162 169  95 166  87 
 64  44 141  51  48   6  15 192 111  22 
112 169 142  69 128 117 114 182 174 121 
 96 111 172   9 160  25 138  58  25 104 
 28  56  32  62  78 134 158 124 110 121 
 12  16  18 123 118 161 146 106  10  58 
 28   8 106  90  34  81 120  52  82  94 
170 124  18 168  92  33 150  69 187  70 
 33 170 114 190  46  91  81  75  81  36 
 64 130  57  84 133  30 121   9 115 169 
 57 183 153 136  33  10  82 175  27 170 
125 119 158 129 115 118 168 198  70  25 
