50
49 5 22 90 86 62 66 88 4 53 50 48 82 40 72 33 31 69 88 54 66 73 70 86 21 89 33 35 50 21 43 70 54 85 3 53 15 96 58 23 53 29 75 97 91 55 8 29 50 28 
29 47 95 29 82 85 13 66 12 22 74 10 25 61 33 50 7 42 64 100 57 81 36 81 75 60 43 62 38 68 93 35 57 81 81 22 37 8 53 49 18 93 39 83 93 58 80 47 4 48 
76 13 52 33 95 67 72 19 66 70 24 41 6 20 91 64 86 58 24 78 4 45 58 95 7 47 31 52 12 48 68 90 50 15 79 11 61 28 43 63 62 21 12 2 42 98 6 65 57 74 
88 46 12 19 53 67 74 97 78 4 74 9 70 65 92 32 88 6 68 89 54 60 69 34 79 79 29 66 60 80 70 10 35 48 77 70 28 98 94 27 62 56 31 40 94 85 61 29 18 55 
86 7 54 8 82 81 39 35 88 41 99 59 84 69 26 51 81 65 40 60 49 2 39 85 14 28 16 86 3 68 16 5 29 73 11 78 30 18 73 22 20 72 42 96 37 75 73 41 64 54 
69 46 75 87 53 62 1 47 57 35 76 99 90 87 98 3 68 64 89 42 2 58 25 48 16 15 86 5 94 82 94 58 97 3 78 48 93 42 11 81 82 25 32 8 90 26 57 81 99 18 
29 80 29 44 85 83 23 65 74 97 56 83 39 3 37 22 7 5 92 92 46 10 23 72 24 70 2 77 24 72 92 48 58 98 18 24 97 78 38 5 48 29 39 81 32 70 40 9 70 98 
17 57 10 17 6 3 71 43 75 47 96 36 4 35 63 56 22 90 33 54 4 32 10 85 8 70 63 59 28 71 69 52 48 84 7 44 53 22 90 55 93 26 15 79 9 43 28 39 27 15 
56 67 30 60 49 95 42 37 82 69 63 55 71 95 13 32 67 24 15 20 12 15 45 1 87 15 44 3 68 88 93 23 25 55 64 37 58 47 75 46 56 16 36 9 24 19 5 62 32 51 
52 72 70 77 94 14 17 7 8 12 58 57 59 80 75 54 67 72 15 82 21 3 18 38 62 40 22 33 9 29 24 8 72 48 78 73 32 16 51 57 50 99 72 77 64 26 57 85 53 40 
19 87 11 24 59 21 15 45 11 55 23 85 98 86 86 58 59 77 80 49 63 73 55 23 9 86 26 24 91 28 40 82 83 41 38 71 78 80 33 36 65 98 92 90 22 26 32 57 11 57 
79 65 74 64 84 48 66 74 99 95 85 25 72 63 50 28 96 9 47 31 71 16 75 31 88 94 14 74 75 82 1 40 58 35 76 25 72 40 52 64 75 37 34 16 17 60 69 57 5 51 
66 54 93 3 55 71 30 71 20 74 30 76 66 80 40 10 65 47 92 53 74 27 13 88 87 90 37 24 62 80 79 56 95 57 45 64 85 38 40 54 62 24 53 22 83 97 65 27 78 89 
81 42 61 33 73 12 8 84 56 90 29 64 70 38 13 94 5 80 7 58 3 19 68 91 24 49 64 100 44 94 56 29 37 75 72 53 59 71 22 84 81 79 31 97 28 13 90 8 97 14 
9 86 39 87 80 6 97 100 94 18 84 87 20 51 81 62 85 3 84 17 84 81 72 65 98 17 75 17 1 99 78 98 41 81 59 44 77 9 67 3 75 11 97 38 17 23 38 11 81 39 
94 74 61 47 84 37 63 92 56 91 31 31 40 91 63 54 12 75 20 28 16 58 51 61 96 83 19 7 36 62 48 75 89 44 40 3 27 83 72 27 29 69 88 5 93 40 55 91 98 17 
75 83 81 88 42 26 26 39 24 16 17 100 61 35 100 33 3 63 14 97 70 64 27 97 56 56 42 4 57 71 80 83 92 57 77 40 19 83 5 3 97 19 86 77 55 14 91 97 39 59 
20 59 5 4 70 99 98 28 74 89 16 17 99 1 54 14 66 22 71 11 56 93 18 66 54 6 80 68 30 64 84 39 92 4 83 53 90 40 87 4 89 92 36 6 19 72 88 94 22 38 
51 51 52 85 30 97 70 51 24 91 29 62 13 94 39 87 100 28 21 57 80 58 49 63 90 85 2 23 64 83 10 67 65 75 64 4 32 40 95 87 8 17 90 28 49 67 26 66 20 46 
44 18 17 80 79 4 33 42 84 24 51 46 33 15 88 49 30 21 57 83 28 95 36 74 91 50 70 67 64 95 95 73 44 94 36 72 84 28 97 44 1 22 47 40 36 87 35 53 33 27 
38 80 68 79 5 80 14 52 57 12 53 8 87 51 15 78 21 29 75 39 1 97 32 8 8 25 11 27 49 38 50 31 24 90 21 28 10 18 25 14 3 1 18 45 70 80 98 12 91 4 
39 42 75 79 10 77 26 92 68 95 66 90 28 17 49 82 88 55 76 18 72 25 13 74 13 64 80 47 35 87 83 97 25 39 17 78 34 55 71 31 61 91 25 6 47 75 96 38 41 82 
39 86 65 67 10 88 39 67 13 37 68 69 69 80 48 71 11 95 56 34 44 82 55 89 48 12 47 98 60 1 68 16 8 69 61 47 100 69 26 95 95 77 93 10 16 3 87 89 15 15 
43 61 39 4 38 77 74 78 62 54 12 79 38 50 47 88 49 82 100 18 10 6 5 44 20 87 53 93 86 4 84 26 31 82 35 82 21 86 51 21 33 27 39 1 68 47 54 7 91 61 
14 87 10 75 53 37 50 56 94 72 79 89 94 2 87 95 39 82 55 34 91 23 98 80 21 46 70 29 34 76 79 73 36 53 62 59 29 82 62 84 21 86 97 26 37 33 33 4 53 62 
60 43 69 25 7 5 12 43 94 71 91 64 14 19 91 22 54 24 12 67 75 80 85 71 89 29 96 31 19 13 12 21 15 12 1 28 88 48 30 20 51 62 65 67 99 82 76 87 35 35 
45 53 75 57 55 50 98 94 74 82 10 91 57 42 10 80 91 27 89 72 19 83 35 42 53 18 31 74 92 46 71 50 17 19 100 13 52 6 50 76 1 22 85 54 57 67 73 67 5 93 
52 32 95 98 10 99 8 15 15 70 1 15 64 73 48 41 88 98 40 4 35 74 21 59 57 91 53 68 48 75 18 57 75 91 100 82 65 1 71 77 72 95 69 12 39 30 52 41 33 99 
88 73 81 91 66 21 6 7 28 23 34 84 42 58 68 7 63 45 8 30 18 8 62 24 63 12 18 74 67 46 53 81 89 25 80 5 100 51 8 90 4 78 1 83 64 19 30 58 21 73 
1 34 56 73 95 75 15 24 68 86 28 83 3 7 70 80 94 36 85 37 65 92 1 60 31 48 65 21 79 38 69 86 17 74 90 97 95 47 91 99 72 52 52 9 21 56 29 70 54 87 
87 52 90 33 27 53 29 95 18 52 39 44 72 87 72 14 52 7 83 50 65 77 39 50 4 25 60 56 49 60 30 38 12 24 51 75 70 75 33 80 13 6 22 45 71 83 65 6 1 89 
18 43 11 54 17 61 83 63 31 91 1 77 75 12 47 2 58 5 96 40 99 49 53 90 34 4 93 64 36 67 58 40 32 3 73 16 45 54 87 70 47 20 2 81 17 73 9 83 77 48 
57 1 95 62 75 9 33 39 55 38 64 14 80 89 24 28 79 73 20 28 94 48 14 44 67 5 37 42 62 77 46 31 64 33 15 99 44 47 3 17 65 17 93 10 46 3 73 89 15 5 
61 51 3 24 68 41 25 81 29 66 48 54 25 67 13 5 100 87 7 79 44 88 36 82 43 32 89 55 1 53 99 20 27 54 83 45 47 75 79 82 78 4 40 25 95 29 39 77 48 82 
98 81 53 11 66 32 38 65 14 98 32 4 27 42 48 84 96 19 54 60 53 94 56 67 7 44 49 48 45 31 30 42 41 60 48 34 83 40 76 39 12 66 69 77 27 64 68 37 76 91 
66 81 37 79 14 4 17 24 90 4 9 71 77 37 35 31 63 38 60 51 47 5 53 39 70 24 31 5 27 42 5 10 39 49 94 21 27 76 77 13 45 24 12 82 36 11 85 38 5 79 
27 54 22 22 27 2 14 51 11 54 87 83 61 68 93 3 62 28 35 54 30 32 9 49 39 54 36 61 75 80 53 30 61 19 42 26 87 35 53 6 88 90 52 72 62 72 73 99 36 96 
50 80 59 36 10 7 54 82 84 23 98 47 40 12 92 9 57 38 10 53 88 53 90 56 16 28 5 96 92 64 37 22 91 73 43 47 38 3 89 10 68 9 93 9 40 67 29 37 93 59 
17 30 65 47 25 92 72 78 73 85 33 78 100 23 22 99 93 31 36 37 56 60 66 43 51 99 44 82 31 67 4 37 82 73 53 88 2 64 99 68 36 20 36 37 84 89 96 22 51 86 
94 27 38 92 100 37 100 80 51 73 93 57 71 71 15 11 34 51 20 55 68 56 94 83 29 95 43 7 97 76 96 81 18 43 17 64 86 46 23 44 83 86 56 3 62 3 1 43 70 31 
30 12 45 38 10 87 84 28 31 61 86 77 83 67 25 46 72 74 12 64 26 83 12 22 3 45 55 90 36 10 13 93 93 15 25 43 21 58 80 60 94 63 24 84 52 78 93 73 55 13 
39 27 38 56 75 74 23 80 11 36 73 12 49 69 11 15 77 64 62 16 35 98 21 34 75 53 75 3 13 91 57 61 65 79 33 18 44 29 69 4 33 39 21 96 61 79 22 86 16 68 
6 40 67 29 47 95 50 35 12 30 32 52 69 58 46 93 88 17 24 3 37 24 81 87 72 57 88 52 47 11 9 55 92 36 82 22 2 5 22 51 27 15 91 64 6 34 71 77 52 26 
29 10 51 39 64 17 86 41 28 73 3 44 84 65 98 61 43 35 6 73 15 72 56 31 67 15 65 69 50 84 49 78 79 88 10 75 14 72 39 20 100 58 65 57 40 22 21 76 96 100 
47 96 14 7 55 97 95 30 100 38 33 80 65 68 29 94 81 67 3 86 47 36 48 86 71 99 47 99 44 20 76 36 64 24 90 16 61 13 56 71 16 52 98 55 79 3 19 63 78 30 
15 94 28 28 100 53 41 90 99 14 7 45 47 7 86 27 70 69 5 86 6 18 43 35 55 38 45 49 40 94 95 67 63 10 25 60 67 16 47 52 39 5 5 76 90 95 22 33 57 47 
77 10 10 14 28 74 94 76 16 27 48 77 98 64 36 9 18 41 38 35 70 64 52 37 5 41 98 42 18 70 29 61 52 36 48 90 74 43 36 29 77 59 95 93 13 80 30 5 30 73 
19 13 20 67 30 14 27 85 29 52 72 90 95 16 20 63 6 35 97 92 6 41 6 24 10 33 56 8 76 65 59 68 78 5 46 85 21 61 44 17 92 11 97 91 4 92 9 41 79 1 
25 73 43 81 34 76 17 25 27 64 75 50 38 4 43 51 8 80 100 85 88 88 84 83 30 73 78 62 97 27 31 67 34 84 53 61 59 49 62 23 18 90 50 30 68 22 69 48 90 19 
45 90 60 37 15 34 54 69 40 12 35 69 59 73 66 30 25 40 51 36 84 17 76 32 32 30 37 94 90 29 73 39 38 24 62 54 99 76 74 33 4 68 18 2 91 16 15 59 14 89 
100
6 14 33 6
4 4 33 27
33 3 33 14
17 31 25 35
43 45 49 44
32 39 47 44
7 16 29 9
12 8 34 24
26 2 48 28
9 12 40 42
38 17 45 41
24 31 28 50
18 30 39 32
29 19 35 10
1 27 4 31
5 36 17 1
41 45 46 14
32 39 45 16
11 8 46 17
5 26 39 10
14 45 37 43
10 27 19 50
7 4 24 46
3 45 19 12
25 24 35 33
2 37 25 35
4 38 44 13
38 35 44 39
16 4 39 11
15 7 50 41
26 42 50 5
13 30 26 4
9 44 21 29
34 15 45 6
17 9 38 22
29 42 45 45
27 27 50 29
14 16 17 19
20 2 30 41
11 32 38 37
41 31 46 49
11 43 50 11
13 2 36 10
9 40 21 1
3 5 45 41
11 31 21 8
1 24 1 29
30 30 37 14
2 50 32 45
43 5 50 37
10 38 18 11
22 10 46 11
29 38 42 48
5 46 42 30
3 29 21 16
3 43 50 22
38 20 41 29
18 44 29 40
29 22 46 3
42 33 50 11
13 10 34 31
8 20 37 28
17 47 26 47
14 6 21 22
6 6 27 40
19 46 29 40
19 31 28 45
15 26 36 13
21 28 42 36
6 38 35 8
26 12 42 18
21 10 45 20
27 48 42 5
8 10 44 13
38 2 42 14
12 22 43 4
11 19 34 32
1 23 36 44
14 17 24 17
17 42 32 16
4 40 38 24
36 14 48 8
22 14 30 28
8 14 45 10
22 13 47 47
3 43 7 9
16 32 48 23
28 43 37 23
4 30 46 7
13 18 39 35
13 27 30 6
2 31 33 23
17 22 34 7
33 22 50 13
28 45 47 35
15 36 16 7
23 18 35 28
7 28 11 12
15 3 19 30
12 6 24 48
