100
94 55 16 18 3 42 92 23 31 7 51 96 34 54 15 21 70 100 64 75 97 19 12 25 31 77 100 77 53 17 56 8 20 97 36 14 43 36 6 53 59 62 82 39 2 19 54 26 46 50 89 53 10 46 13 1 70 43 53 82 66 95 47 85 75 26 72 12 27 53 10 62 34 19 49 73 31 92 33 52 99 31 68 80 17 99 23 11 52 77 83 1 78 64 31 77 56 63 18 43 
45 71 90 2 22 4 95 16 75 85 82 96 11 6 7 87 64 93 84 21 81 50 83 91 62 88 22 48 11 30 91 38 78 20 33 28 100 83 52 81 3 92 57 76 52 77 57 96 87 74 57 33 36 9 48 24 19 3 31 69 40 75 87 59 76 71 13 55 18 63 85 37 91 38 17 93 20 42 86 74 21 96 88 42 79 56 45 76 44 16 100 4 54 97 29 13 73 87 32 30 
7 30 51 90 36 70 100 84 46 55 95 74 54 59 11 45 48 43 84 70 88 68 45 33 46 91 96 30 65 82 84 100 99 21 24 22 83 77 55 31 34 16 42 93 62 62 14 65 28 70 46 40 53 100 92 98 78 10 47 9 19 94 65 38 72 97 68 85 68 96 63 26 98 23 74 2 97 4 27 60 79 76 53 3 36 47 71 80 26 33 32 2 99 81 92 35 97 13 74 13 
56 59 64 55 1 17 46 24 21 95 7 79 91 15 65 56 91 82 100 57 76 88 38 60 11 18 20 7 23 67 25 78 45 33 13 95 89 99 100 71 64 30 91 74 30 69 54 87 12 14 18 53 19 65 23 6 50 19 29 6 8 53 57 74 99 100 15 79 18 63 2 14 13 36 67 7 58 25 65 33 77 45 70 59 97 81 46 48 16 90 55 58 90 57 19 72 78 59 22 90 
94 71 71 93 29 99 84 67 78 59 43 33 14 59 93 85 15 28 2 92 79 72 16 41 30 17 81 98 32 42 23 21 47 2 83 44 5 44 52 32 58 90 13 47 15 16 37 42 11 30 55 58 55 16 20 56 33 20 38 23 51 78 54 94 36 92 53 99 29 88 91 88 16 58 10 71 74 31 33 10 47 80 29 97 63 9 42 71 1 90 59 27 80 70 51 20 75 21 62 56 
42 31 61 18 74 21 58 33 44 75 88 29 74 36 60 34 51 63 24 33 40 68 94 69 95 28 98 71 99 77 33 98 73 46 57 86 15 37 40 32 97 72 41 55 82 64 29 15 94 9 87 27 30 3 91 68 44 42 61 46 66 73 26 57 27 69 7 47 31 9 57 34 1 54 45 71 100 84 48 8 80 4 75 2 48 90 50 56 75 89 39 93 28 89 46 99 16 8 9 91 
44 81 29 7 5 7 12 92 54 21 11 91 27 68 14 13 1 89 9 7 75 100 67 100 77 84 68 43 40 16 83 32 5 26 26 81 55 79 42 28 94 77 50 74 97 68 85 7 27 84 37 14 49 89 33 75 100 79 7 61 59 86 2 71 69 17 49 28 53 70 43 94 76 85 40 88 47 47 58 16 31 23 81 22 3 78 69 59 98 90 8 73 47 5 17 64 74 57 35 46 
25 52 11 82 54 89 56 15 8 92 58 77 86 81 12 81 81 18 13 6 23 18 26 84 78 31 82 52 6 96 95 59 86 69 57 86 51 6 55 94 62 65 87 89 54 2 50 20 41 21 47 85 74 29 38 44 1 19 67 52 100 73 69 42 81 67 1 2 86 8 10 99 98 64 54 35 34 76 50 67 53 12 10 71 19 23 93 54 33 57 47 16 97 70 54 72 34 6 61 87 
34 45 34 39 75 12 41 49 85 29 73 45 18 20 58 71 75 21 13 21 97 76 6 47 63 76 27 24 59 49 27 70 83 54 61 28 52 62 10 45 67 98 26 83 59 78 31 63 21 58 43 86 47 4 45 68 92 47 4 61 22 63 10 25 98 32 3 59 54 85 69 74 26 63 66 99 99 17 41 40 81 25 86 60 29 24 32 96 89 30 91 5 33 16 71 60 56 76 78 72 
9 56 36 76 55 60 11 39 83 12 55 78 7 46 39 78 29 38 72 16 20 99 52 14 3 99 16 5 23 98 26 42 77 48 96 97 4 99 48 70 12 19 81 48 94 14 37 63 92 67 14 98 9 65 10 14 26 32 53 93 72 26 97 54 42 34 82 2 17 35 19 97 68 91 63 27 30 81 52 3 42 68 16 75 82 58 36 34 100 54 44 7 93 32 33 25 88 41 99 60 
69 93 62 31 97 87 59 49 23 28 90 45 53 98 84 15 88 65 30 72 20 70 84 14 24 13 79 15 2 7 98 1 32 63 30 48 92 20 85 23 71 83 20 54 94 100 75 3 13 83 28 15 64 38 74 68 58 34 31 14 69 82 57 11 98 82 24 16 52 31 62 67 65 45 92 9 87 59 41 100 18 84 54 37 63 99 16 45 95 29 72 9 54 58 82 84 66 67 3 60 
96 64 92 34 26 46 89 15 17 6 67 21 49 33 71 31 44 20 98 68 70 12 100 14 69 83 90 85 94 68 34 52 90 74 43 34 52 83 96 68 86 33 96 59 15 47 12 35 27 73 50 83 18 42 87 91 65 32 16 60 34 53 20 9 56 28 13 15 90 29 69 12 75 100 71 19 75 49 46 17 61 88 53 41 1 94 84 88 87 59 63 72 50 94 34 93 93 95 35 41 
75 4 50 57 18 59 97 35 46 93 50 47 62 34 98 26 11 66 44 38 26 95 92 17 56 55 15 64 84 25 31 91 56 69 78 48 99 28 92 28 84 46 3 30 86 2 46 24 9 77 8 88 32 14 66 17 49 25 72 10 77 63 6 28 1 1 68 14 26 15 81 7 21 53 17 98 33 76 76 98 98 59 45 3 91 8 17 53 6 97 94 45 99 43 76 35 98 63 40 89 
89 99 46 88 79 78 19 99 43 78 20 95 48 5 41 94 30 44 53 64 72 52 84 36 62 89 61 65 8 55 50 62 21 62 74 44 41 89 91 16 71 32 55 6 41 47 75 94 6 90 73 89 84 95 71 88 91 98 82 66 82 19 39 4 90 8 53 22 78 32 62 65 12 42 14 6 47 13 4 4 64 88 43 28 77 42 51 26 53 51 57 56 97 1 84 57 8 49 70 81 
95 50 56 9 99 38 50 53 15 52 30 40 51 11 39 95 43 29 39 75 35 69 53 39 4 32 78 45 42 45 94 82 28 34 4 82 94 20 82 49 13 25 2 29 51 21 13 5 34 78 1 14 35 18 99 62 33 32 19 14 44 83 13 29 76 37 46 82 99 82 43 80 93 97 48 26 56 7 29 66 82 35 52 72 27 62 43 78 37 68 38 84 92 18 64 52 42 68 51 93 
98 40 26 61 82 5 64 20 93 10 73 18 24 29 86 74 41 34 84 21 51 50 26 18 84 32 10 15 77 88 21 8 59 7 35 68 66 91 87 36 72 6 25 88 25 65 74 54 67 48 17 7 72 47 16 50 62 11 77 10 35 99 22 36 52 50 31 67 72 39 75 95 6 2 43 53 28 63 67 36 24 29 69 53 90 2 77 41 13 99 29 11 28 83 7 45 83 20 34 26 
60 27 51 8 22 53 75 35 89 83 97 80 99 35 34 81 97 36 71 75 42 1 90 94 28 3 82 59 73 2 16 77 78 97 65 42 97 6 74 68 74 62 50 60 61 50 18 16 45 20 43 18 85 61 8 1 42 67 13 99 14 84 91 88 58 1 14 33 50 47 99 91 18 70 28 42 94 93 41 31 67 94 77 79 33 74 21 19 70 87 35 80 87 30 57 9 66 42 58 62 
48 14 78 1 65 59 85 74 38 68 22 44 33 99 96 27 86 54 34 54 27 48 70 20 49 20 61 64 98 32 82 16 85 62 6 84 81 35 36 56 24 3 79 59 15 46 25 63 90 45 76 54 73 26 59 32 19 55 29 25 38 58 34 50 69 12 48 30 51 67 77 76 59 18 95 78 62 71 62 71 37 10 30 87 6 23 68 34 23 39 8 50 38 62 100 95 24 74 44 64 
43 95 6 71 21 98 48 50 39 40 86 10 45 96 33 61 8 10 43 95 17 20 85 31 19 82 69 79 6 31 31 36 62 13 37 41 72 69 58 55 92 10 15 81 38 98 72 92 28 7 97 64 74 52 32 26 23 74 53 48 15 21 3 18 40 56 33 97 29 79 7 49 69 56 24 91 50 56 7 22 5 55 46 71 52 71 79 73 94 80 96 75 47 25 34 59 41 68 50 68 
79 57 10 10 29 88 77 79 72 69 55 20 71 31 55 93 57 98 66 25 28 74 21 42 22 22 28 3 87 14 27 45 27 73 94 56 10 90 8 35 66 96 100 12 77 58 53 89 79 40 58 63 37 62 48 80 8 65 56 20 27 17 10 41 12 80 100 88 44 86 35 61 60 60 83 56 42 98 98 72 61 83 27 97 35 49 23 59 41 15 11 89 37 16 1 58 29 53 43 99 
76 68 38 80 32 92 13 72 56 76 53 5 96 100 9 49 18 19 50 28 9 61 100 64 85 51 37 87 92 32 12 32 4 8 48 32 87 3 35 16 81 10 98 77 11 74 8 28 72 82 78 86 54 6 17 25 85 23 69 31 80 26 54 68 80 61 87 58 13 29 56 12 3 75 1 28 68 67 83 9 81 95 55 31 63 52 40 22 1 8 6 2 71 52 85 47 55 39 18 43 
52 13 29 61 16 33 99 51 17 70 65 78 67 27 45 37 84 35 90 23 10 3 58 67 84 81 10 24 71 61 99 7 59 70 11 95 57 30 76 64 80 13 50 66 10 99 2 38 13 88 85 52 78 69 22 7 41 78 27 34 83 68 26 13 4 93 75 98 9 37 80 14 87 37 9 60 98 87 31 25 39 57 1 44 12 71 28 73 76 1 63 88 57 22 61 50 75 70 56 3 
43 12 80 81 90 12 15 20 71 1 27 90 41 83 92 52 72 84 95 94 88 56 58 40 8 29 84 100 95 60 13 63 16 47 88 88 4 66 51 35 56 80 4 39 55 32 53 79 50 36 60 15 61 57 77 8 42 73 37 6 19 82 11 33 54 62 45 38 48 9 5 35 95 8 30 68 63 35 40 73 81 70 98 62 55 89 54 67 98 3 26 1 55 50 67 33 53 70 64 24 
72 74 16 71 46 96 36 4 90 95 34 64 9 39 85 28 92 62 89 27 89 23 24 69 97 100 76 84 66 61 80 85 96 49 13 61 82 35 81 2 99 86 31 22 19 44 38 90 38 82 95 99 28 72 19 58 68 96 40 95 89 46 60 99 94 9 37 65 23 7 75 76 1 37 76 36 97 46 58 2 75 92 94 17 35 77 55 97 31 36 24 68 63 65 93 45 1 59 46 60 
42 16 1 35 13 91 57 63 37 16 31 9 58 73 32 12 42 37 77 60 83 67 11 43 61 82 6 41 96 46 96 8 44 84 30 36 52 19 93 35 69 71 63 94 12 42 60 61 46 85 94 93 12 3 15 92 13 60 45 95 3 48 79 59 28 50 30 99 13 68 3 86 17 11 3 37 5 59 53 9 80 35 70 94 83 18 54 60 82 38 53 93 23 69 73 12 11 22 71 43 
96 21 56 96 82 53 64 86 73 100 89 42 86 2 36 80 92 27 49 78 76 61 88 55 47 80 64 88 88 22 70 16 46 83 46 6 98 14 77 87 39 52 5 44 17 69 46 66 79 17 33 7 92 89 84 60 82 33 67 57 72 93 59 40 64 56 9 21 17 72 17 58 31 31 3 49 85 15 51 75 70 59 22 51 17 32 15 17 44 89 100 67 24 62 52 56 79 57 65 58 
72 90 47 52 60 93 31 82 24 99 40 28 70 27 28 90 63 3 53 68 61 21 85 92 69 99 81 93 81 13 50 94 82 37 51 26 71 79 76 81 9 95 11 96 75 5 64 86 44 100 17 36 16 48 5 56 26 13 13 10 52 23 43 92 11 99 25 60 30 67 84 63 8 25 98 97 82 18 94 83 98 83 85 33 44 85 60 36 24 80 63 4 72 71 98 52 34 6 80 14 
29 42 45 54 26 2 70 95 90 7 52 39 83 37 64 70 46 7 35 50 75 72 95 23 46 13 79 70 35 81 20 57 23 15 99 19 95 58 63 16 56 78 86 51 9 43 88 12 68 78 80 69 24 4 10 37 52 83 84 96 55 87 75 14 61 19 4 65 86 1 48 62 46 1 45 52 48 72 9 24 56 17 75 63 46 12 78 85 33 7 78 22 2 97 85 100 44 28 89 59 
69 28 4 76 8 92 19 37 19 27 3 42 25 51 34 35 42 51 2 32 9 84 68 64 83 11 93 78 82 20 83 96 66 22 28 21 20 77 100 22 67 89 76 51 80 8 92 22 79 20 23 77 76 41 91 19 9 3 99 12 30 47 33 7 64 48 66 27 37 12 80 34 52 59 74 15 30 14 47 33 12 7 11 31 5 41 50 52 44 39 11 34 40 2 8 81 17 11 54 74 
14 55 93 99 50 10 81 56 44 7 100 96 64 35 7 69 37 82 33 6 72 86 8 2 49 96 81 78 17 18 99 38 6 50 67 78 72 23 3 71 39 42 71 66 12 8 5 28 83 71 8 76 16 73 99 44 87 61 85 63 23 78 70 33 15 75 55 61 60 50 56 88 89 1 90 16 64 48 92 69 47 60 63 84 11 16 91 66 16 37 63 32 95 51 62 99 60 63 36 3 
59 6 35 26 44 15 53 47 35 29 83 42 55 38 10 15 95 48 80 35 70 32 69 4 19 58 44 2 91 26 77 11 69 81 95 38 18 86 34 59 99 71 3 83 10 17 82 64 94 15 16 52 97 7 60 11 21 76 81 80 62 73 56 1 82 28 73 48 68 15 60 56 63 43 31 64 96 20 31 31 10 18 79 31 11 39 62 3 70 81 39 67 52 48 7 2 2 33 56 36 
84 95 90 98 2 97 79 56 40 6 82 93 45 23 76 34 91 68 20 67 55 89 57 84 21 4 34 18 8 34 79 91 99 7 12 45 38 68 92 57 38 76 15 85 87 90 99 81 15 46 95 91 78 73 93 25 53 18 21 51 56 39 4 66 91 72 28 43 85 81 34 47 44 49 44 24 78 19 90 89 69 64 75 34 15 10 92 42 65 39 50 31 92 30 55 67 26 93 14 63 
43 86 89 67 23 77 34 93 42 19 43 51 12 77 84 44 21 50 53 80 87 30 100 18 64 60 76 39 69 95 86 5 2 5 61 89 41 64 31 23 42 66 9 5 4 75 16 22 64 33 68 83 69 35 24 68 89 90 71 20 51 90 45 78 74 70 33 7 82 74 12 5 70 90 14 57 16 6 99 69 61 1 80 95 9 76 63 68 63 2 26 17 26 54 13 36 28 19 67 63 
55 38 15 63 92 78 57 8 64 47 86 22 1 88 87 34 26 36 33 81 67 41 67 65 6 18 25 63 48 19 65 10 65 12 21 46 9 40 36 7 68 77 91 41 68 17 30 17 26 29 86 27 8 38 44 84 25 89 11 38 65 23 79 55 83 5 94 1 70 20 59 75 49 25 26 36 91 84 15 63 24 45 80 44 69 75 24 68 23 32 16 43 70 11 40 59 30 96 93 13 
20 62 49 73 47 4 92 6 66 81 20 27 46 3 65 25 41 37 26 62 35 50 47 57 72 55 94 43 88 96 25 77 43 36 7 58 94 70 14 42 48 2 97 81 26 17 54 96 5 38 10 83 49 45 87 35 30 9 22 67 69 61 77 67 80 13 40 79 41 60 56 91 33 41 24 30 17 16 88 1 47 5 50 40 2 95 43 57 63 9 30 3 100 11 11 73 96 87 14 37 
91 29 56 54 40 12 38 77 83 14 82 5 3 49 12 4 68 69 57 66 71 100 8 66 34 6 77 83 46 30 2 42 42 63 42 17 10 60 28 68 99 93 58 74 24 59 23 66 73 10 43 16 9 2 2 73 93 62 76 98 54 81 53 94 40 33 81 11 96 4 94 9 67 77 46 79 2 79 30 10 38 47 86 27 67 49 86 97 19 68 48 75 67 93 48 53 47 4 38 29 
97 41 40 58 65 34 51 14 39 93 78 97 71 20 87 91 77 17 8 74 56 7 64 47 74 47 17 49 79 92 42 50 4 5 34 45 22 91 77 75 39 55 70 67 28 16 21 73 27 33 94 95 5 35 70 99 92 71 42 56 43 91 70 41 96 48 93 51 28 20 72 99 33 58 67 49 76 24 77 74 15 38 54 100 10 62 78 52 43 88 97 40 6 88 58 24 91 74 39 16 
74 59 38 20 52 14 99 60 23 86 80 100 88 52 5 85 74 64 98 97 35 75 7 60 54 37 87 72 20 37 65 94 93 25 20 25 49 81 52 48 31 28 76 54 34 45 25 54 72 13 88 51 68 91 97 18 77 72 67 72 5 4 33 22 67 25 27 93 5 80 100 78 15 93 51 54 39 36 8 46 73 69 97 54 56 11 7 14 73 17 5 63 70 3 24 54 17 48 98 36 
75 96 55 1 55 51 80 46 28 100 83 27 52 68 39 96 1 3 78 34 30 36 61 75 15 39 96 13 39 74 34 15 66 72 35 8 100 97 61 72 74 53 85 93 37 55 55 21 100 99 97 62 95 97 2 25 93 20 4 81 16 81 13 78 18 55 98 98 13 100 72 1 51 30 62 29 56 45 5 10 37 27 2 36 31 42 100 42 97 3 51 71 34 11 86 6 18 17 10 97 
28 10 84 24 74 69 83 58 100 30 97 99 36 8 27 64 36 56 16 3 26 7 16 61 12 10 79 2 37 57 63 13 28 59 73 21 8 32 46 10 17 76 32 23 98 25 51 100 46 51 26 38 6 16 8 97 73 97 30 3 94 80 37 77 44 50 80 17 80 56 79 5 63 42 57 48 66 74 47 19 80 100 50 86 63 98 23 61 49 98 68 24 30 18 38 33 47 58 12 41 
81 94 95 91 83 69 22 53 35 24 55 60 23 3 89 19 57 19 64 10 95 2 32 24 96 22 72 68 59 18 31 62 72 47 61 87 59 52 92 55 38 95 24 93 11 33 7 91 10 33 89 81 100 48 51 58 97 62 80 25 9 75 100 23 7 89 17 21 51 16 98 43 51 17 31 98 84 39 6 20 29 93 91 10 95 8 12 55 14 23 40 13 85 40 84 33 23 44 83 55 
26 8 21 39 63 75 8 88 6 75 56 62 27 3 29 6 84 31 80 28 81 80 42 18 66 29 24 42 74 15 93 12 61 94 43 80 26 53 69 7 16 32 41 76 88 32 25 56 61 98 29 60 79 41 18 29 85 64 41 40 93 24 53 53 82 71 48 51 73 26 66 25 88 53 81 98 36 54 85 9 64 2 49 91 54 77 51 37 35 50 33 94 67 64 11 84 90 88 12 68 
61 57 84 100 31 30 96 29 3 70 15 94 45 96 39 2 20 36 85 9 13 89 24 37 80 64 61 93 92 37 88 48 68 65 90 82 58 5 82 86 45 31 48 63 38 27 24 24 99 86 33 77 54 85 62 70 2 62 87 44 61 15 73 51 67 51 61 67 5 84 65 73 7 18 81 1 9 60 64 10 39 50 66 3 50 16 76 31 2 5 18 42 33 92 8 57 93 96 20 47 
12 18 67 25 99 57 70 29 87 65 82 24 47 44 52 81 87 8 100 89 18 37 15 91 81 20 60 11 27 91 20 9 83 20 80 29 5 28 37 33 63 9 54 72 19 14 70 26 66 53 2 29 34 85 8 58 95 11 54 42 64 41 43 77 47 30 69 1 84 70 96 82 74 23 41 54 64 18 21 64 23 32 84 82 63 87 98 20 56 71 99 52 56 62 34 38 53 45 61 19 
96 36 84 20 31 72 27 35 95 48 7 11 100 55 60 50 89 29 91 18 73 54 21 34 79 62 83 52 85 9 18 95 17 25 63 1 10 92 21 45 31 4 23 21 32 97 83 62 59 58 37 91 83 20 68 2 84 27 4 98 77 2 94 2 74 74 89 38 44 43 3 97 17 49 14 30 34 60 7 60 14 73 11 47 12 42 6 25 2 14 5 36 4 76 8 25 78 48 80 38 
17 49 73 67 40 99 32 29 38 89 93 82 83 15 37 84 49 69 68 61 1 52 72 7 58 96 43 39 65 38 31 62 61 58 67 44 45 77 49 84 72 97 98 19 20 48 27 62 79 51 88 50 63 76 65 82 83 24 62 32 15 78 61 17 84 88 4 14 91 73 27 79 60 40 25 88 25 79 57 44 99 99 62 28 67 59 6 45 65 97 71 42 21 22 53 28 67 38 20 87 
85 50 35 22 3 81 100 61 69 78 33 50 28 18 64 66 84 99 4 84 88 47 15 61 81 80 74 26 60 52 75 70 4 68 78 66 96 9 68 89 39 41 42 83 59 99 40 80 81 70 79 29 100 90 20 96 80 12 8 23 79 46 3 97 7 63 15 24 8 17 16 61 90 19 58 38 11 58 67 41 10 70 28 45 50 48 33 70 8 89 94 67 66 7 41 30 34 38 100 20 
76 23 13 91 11 39 84 24 60 86 50 1 59 11 84 66 61 14 91 21 77 33 38 70 61 83 41 94 70 45 80 70 13 41 22 71 46 24 84 80 19 21 7 26 65 68 30 49 61 24 3 89 17 2 35 64 11 54 94 36 36 66 40 55 46 18 18 19 14 67 100 94 78 35 83 23 86 54 19 27 33 79 14 62 96 81 97 39 67 61 89 80 27 27 45 11 89 61 64 13 
3 3 97 46 21 67 76 13 22 11 11 39 44 32 43 92 6 77 90 61 1 78 57 9 2 39 49 43 90 42 17 24 18 96 41 14 46 55 96 53 90 29 10 47 42 44 80 35 14 53 28 78 50 27 9 36 7 36 35 47 14 87 69 20 98 57 36 10 72 32 91 71 7 96 85 18 15 63 22 15 23 22 75 45 76 61 49 94 69 70 38 41 45 8 27 69 65 3 70 91 
68 68 36 48 62 24 66 99 68 25 48 100 51 32 35 40 7 23 36 91 26 9 72 25 42 1 39 84 37 87 9 71 46 69 99 85 45 11 61 61 25 63 51 33 24 27 82 5 63 64 85 12 36 7 85 89 49 32 89 50 19 50 39 92 58 32 85 63 56 96 4 12 40 49 77 57 56 17 9 98 24 75 61 96 33 75 29 60 47 4 44 4 50 11 35 70 36 44 31 42 
40 5 44 48 28 44 13 22 58 58 86 51 67 10 45 49 39 36 59 6 71 30 42 84 79 40 59 32 93 53 22 13 91 35 75 4 81 3 25 25 59 73 68 61 46 67 30 74 25 35 62 60 57 26 39 56 3 64 85 6 88 91 62 53 35 98 80 53 52 72 47 26 81 7 100 9 94 4 93 41 21 4 81 91 40 88 30 70 70 67 19 51 94 39 85 24 24 55 77 25 
71 63 74 75 91 36 5 15 42 77 33 94 41 53 79 69 75 61 49 88 84 9 98 88 48 24 17 2 70 32 59 39 52 34 75 79 20 79 99 6 23 28 12 45 44 44 1 42 54 37 2 77 49 50 16 94 35 71 61 3 6 73 90 42 15 57 63 9 78 20 12 67 32 35 25 72 63 99 12 97 10 96 48 50 62 100 41 78 21 18 29 43 78 93 26 26 61 13 29 87 
56 39 58 43 63 43 43 37 21 27 96 4 92 4 45 52 51 92 4 93 55 68 29 39 83 91 10 71 47 64 49 63 90 5 61 23 40 93 3 40 61 35 10 26 23 70 11 55 35 27 52 26 73 40 61 18 43 17 93 22 50 54 30 62 56 75 41 40 63 32 50 23 97 4 93 60 66 57 77 65 11 84 27 9 67 34 75 26 62 34 6 47 23 74 86 83 28 41 99 93 
48 8 13 3 33 29 22 69 100 81 56 44 38 46 93 20 96 42 30 53 56 59 100 65 2 40 93 10 83 49 23 78 42 63 18 65 88 68 65 61 9 6 34 42 51 31 71 10 76 97 75 25 62 24 96 21 34 32 21 33 15 77 41 83 80 17 27 85 51 58 14 95 100 67 3 46 11 46 47 77 63 83 64 14 52 47 48 68 60 89 24 96 4 12 13 11 51 45 68 46 
62 8 68 74 59 35 1 25 91 49 97 55 85 39 83 33 98 4 16 16 33 81 86 37 100 38 54 28 64 54 46 59 18 78 9 99 51 23 63 51 73 85 84 12 93 62 50 5 14 48 5 31 29 22 95 18 56 63 85 85 56 68 12 94 12 60 57 82 33 58 88 89 28 81 84 53 82 40 25 34 10 71 8 36 19 74 97 87 10 81 65 17 72 59 96 3 83 76 50 1 
67 88 21 77 67 83 50 67 13 6 60 94 73 75 20 36 65 31 68 56 50 74 68 24 24 65 96 83 7 69 75 36 8 74 80 77 7 74 65 68 87 89 29 94 92 57 21 65 25 10 31 79 52 37 5 54 79 50 44 56 22 69 89 94 92 3 38 21 39 61 77 17 82 2 3 74 19 6 36 74 73 15 96 9 100 17 74 39 25 76 32 87 54 83 95 19 56 12 41 16 
93 46 39 43 96 41 56 78 5 20 4 100 99 97 94 79 57 62 2 20 29 18 74 51 24 18 29 76 92 27 90 19 14 62 69 58 98 45 88 45 23 20 67 54 80 44 7 37 93 94 77 13 30 84 90 95 53 96 40 57 92 93 96 30 52 15 35 69 4 96 87 17 62 33 56 36 31 35 25 46 70 89 12 55 9 78 82 33 64 15 87 74 72 37 7 55 18 29 94 12 
69 47 64 60 30 30 54 31 83 76 14 55 29 16 47 11 1 25 4 80 56 13 15 35 69 36 76 86 80 75 64 75 98 40 75 37 7 20 52 63 45 96 42 47 3 9 84 16 91 98 88 3 83 3 74 3 70 17 52 58 35 5 81 43 23 46 57 62 23 49 19 100 58 66 83 98 64 1 22 83 4 90 61 27 56 12 70 15 44 89 82 75 81 67 67 56 53 21 79 84 
93 20 83 66 9 67 89 94 39 13 30 22 85 59 5 75 16 43 28 42 87 27 41 95 19 87 80 93 87 91 45 100 80 93 15 60 96 38 50 58 49 24 54 49 10 66 65 25 40 84 32 92 76 12 91 57 32 22 9 19 83 88 14 85 39 50 52 26 12 64 90 58 17 63 95 40 57 31 68 32 23 78 15 87 67 34 79 80 55 80 69 22 50 81 39 88 83 75 41 16 
51 66 7 51 13 25 51 80 32 5 4 66 37 94 97 16 82 7 34 1 63 9 88 33 96 78 40 50 85 19 51 27 70 52 17 56 49 8 66 56 96 22 55 89 3 11 62 68 39 99 68 36 81 69 85 48 78 67 45 34 17 42 23 32 66 91 69 23 39 35 69 16 79 45 63 78 67 23 54 44 76 27 100 68 74 64 21 27 79 27 73 81 36 85 25 95 11 49 97 94 
83 12 96 21 51 62 80 40 46 45 77 8 80 7 90 84 27 83 86 77 12 62 71 74 97 29 97 15 43 9 8 31 53 52 65 81 19 6 81 12 5 62 99 82 44 13 2 64 58 58 100 22 9 5 89 39 56 58 23 87 95 44 32 78 23 89 75 39 5 46 32 90 62 40 19 7 84 67 84 44 74 37 66 24 42 51 80 62 56 94 87 64 29 81 32 63 91 40 29 50 
39 72 100 47 80 81 29 86 2 91 8 65 83 92 67 44 16 97 79 63 14 74 87 8 26 30 21 7 10 13 79 36 60 32 68 41 59 58 82 62 44 31 45 40 37 7 82 81 61 81 33 37 6 47 69 39 49 11 32 47 84 48 54 16 90 39 63 92 38 5 22 15 77 73 88 42 89 44 97 15 34 73 66 43 72 1 37 60 79 67 46 61 5 37 15 34 51 34 44 74 
51 23 71 72 23 82 52 50 41 57 72 16 4 41 57 53 7 19 33 87 64 71 49 53 10 14 82 20 39 6 32 12 36 88 1 87 85 10 14 12 46 87 98 91 37 94 12 70 79 77 63 41 93 38 60 81 20 93 71 90 84 9 33 57 60 38 57 80 96 16 32 98 19 58 64 23 100 33 90 63 12 87 5 27 65 73 7 57 19 67 84 92 62 35 54 78 99 14 44 25 
10 25 3 84 63 92 46 29 98 99 22 89 94 71 28 66 27 10 13 7 17 27 66 24 20 35 82 70 70 15 41 97 54 59 61 38 17 96 56 55 43 57 39 80 50 89 64 70 91 44 89 33 27 13 79 20 16 89 14 70 42 12 83 77 73 57 2 37 27 52 29 34 93 83 13 90 40 18 67 37 55 24 28 2 96 57 95 13 40 23 57 23 35 94 2 31 47 14 42 88 
87 19 69 95 99 82 46 23 50 13 41 23 62 62 8 100 64 22 51 83 2 16 28 37 9 3 36 48 95 26 56 89 2 90 63 8 33 8 80 40 66 74 94 81 35 80 100 57 60 82 53 3 60 5 59 13 15 3 65 70 95 40 55 97 43 20 21 36 51 21 26 40 86 72 94 45 2 100 20 61 14 74 26 70 50 12 21 26 63 56 60 91 52 29 49 23 68 74 85 65 
80 23 94 59 65 2 64 31 64 30 79 18 71 55 91 16 40 50 55 97 10 30 34 42 38 4 74 53 83 73 18 6 95 1 53 66 76 39 84 46 23 97 71 89 33 93 64 70 80 57 11 4 63 84 74 82 3 43 83 55 1 18 18 18 11 34 90 25 75 78 85 49 81 42 35 4 30 3 63 55 27 20 100 98 3 25 87 58 16 86 46 52 89 66 5 94 11 35 19 81 
3 13 32 11 66 50 70 86 77 83 30 17 60 36 34 8 97 98 42 30 12 14 80 26 8 51 72 32 80 95 80 33 39 96 87 16 15 80 6 77 50 47 2 67 78 20 77 31 52 53 51 62 23 8 15 53 22 30 73 49 57 64 65 8 83 98 51 32 61 49 60 53 69 11 9 74 62 22 53 67 96 4 28 26 18 92 78 32 57 99 80 85 18 7 16 21 42 2 85 61 
30 82 72 45 31 44 89 71 70 46 82 30 25 27 61 75 64 41 13 10 88 69 28 100 73 56 59 34 40 10 71 75 46 14 88 89 52 49 9 13 98 33 68 68 68 76 82 36 15 57 78 28 13 74 30 89 41 93 88 100 55 29 37 4 71 91 2 45 64 30 89 24 91 3 82 35 31 80 97 49 77 43 20 73 19 54 56 33 10 96 94 55 81 70 37 65 13 26 74 92 
89 14 12 92 50 41 35 22 9 37 24 44 96 71 28 52 58 26 15 13 31 92 68 28 20 93 64 37 41 51 2 1 98 31 65 7 57 69 55 6 70 42 22 15 59 40 28 11 22 63 40 52 21 41 66 30 63 58 76 54 43 91 42 74 22 83 100 71 14 10 59 61 93 46 99 29 9 81 76 86 25 69 69 34 47 39 84 2 84 24 53 26 34 92 25 14 12 21 85 2 
38 6 96 22 43 88 66 37 83 49 97 38 50 90 69 20 71 69 46 28 70 2 70 43 16 17 91 36 55 32 5 51 66 88 54 100 39 75 89 44 50 19 59 5 75 61 49 16 20 69 85 8 22 76 19 4 47 26 93 23 11 83 78 49 47 2 58 66 57 49 72 23 95 20 72 89 94 39 63 6 14 61 3 50 12 61 49 75 95 2 44 12 45 46 89 35 98 57 83 88 
1 39 11 58 69 70 28 77 78 31 91 26 8 32 75 80 32 69 22 64 92 65 68 86 52 90 66 41 41 1 83 92 36 39 46 54 15 42 44 97 63 71 20 51 57 21 56 84 1 37 21 89 33 91 50 30 4 7 28 96 55 93 78 30 98 51 100 81 100 35 63 82 54 95 64 31 95 38 2 44 90 26 44 82 96 80 90 3 44 64 56 34 16 56 68 45 91 45 23 53 
49 64 59 90 23 82 91 77 87 19 81 11 92 82 75 21 84 74 26 44 91 68 27 16 40 41 73 45 18 57 78 64 45 57 64 53 34 98 65 73 11 41 20 97 96 75 21 27 77 83 93 70 22 77 87 74 36 12 81 88 95 63 62 24 33 22 22 43 34 19 11 38 30 82 26 40 33 37 22 73 30 6 5 16 20 14 62 52 35 42 85 34 73 50 44 30 52 10 28 66 
47 28 49 78 1 43 76 47 16 70 17 46 57 65 57 56 46 6 51 69 88 45 44 44 30 21 69 39 29 30 96 37 51 98 59 61 40 85 27 61 8 74 93 8 89 5 75 13 99 18 17 64 72 72 13 56 62 53 8 12 19 21 28 71 4 66 49 97 30 44 81 29 20 68 76 12 5 84 53 61 4 8 25 8 14 21 88 72 74 68 68 39 9 95 55 98 93 10 20 60 
71 36 99 65 76 41 62 37 80 55 14 74 77 59 14 73 19 23 54 95 79 46 99 24 22 53 36 51 36 86 79 56 67 12 61 37 72 33 80 99 2 100 96 42 15 51 18 9 98 41 3 85 21 67 26 90 51 76 10 57 19 65 22 82 22 84 33 15 30 58 7 32 4 68 89 39 51 9 45 9 71 70 49 29 98 46 42 30 60 52 67 35 44 30 79 74 17 82 76 49 
49 31 85 26 77 2 54 57 57 31 93 72 71 18 27 53 53 66 93 9 36 97 8 32 8 14 49 6 27 78 84 97 24 7 82 96 54 40 70 77 75 60 61 71 11 83 16 3 85 62 1 1 55 54 16 74 25 33 10 97 32 92 76 83 52 94 34 21 22 49 21 10 97 47 30 64 26 15 58 43 100 75 88 73 42 2 32 11 89 97 41 38 24 77 48 35 21 32 22 100 
18 47 65 67 27 11 24 39 60 87 59 83 63 6 66 14 15 66 21 43 73 75 57 85 82 39 50 75 33 61 16 39 54 72 46 30 89 45 56 94 17 9 57 11 62 91 92 7 18 1 21 46 94 99 14 90 25 18 71 85 42 2 3 58 75 47 92 86 65 98 6 20 70 63 38 35 61 4 44 51 63 94 35 36 89 14 13 52 16 40 48 22 34 51 78 43 34 40 93 58 
39 68 82 1 81 74 34 16 13 84 85 11 70 86 74 54 67 79 14 10 4 95 95 73 71 77 94 73 27 33 60 71 33 89 28 83 14 63 13 39 23 98 27 85 97 47 57 47 61 36 31 99 81 34 96 77 68 59 64 95 100 51 91 96 39 44 87 41 100 95 51 38 88 48 38 82 42 88 16 30 98 68 73 85 94 56 93 76 38 54 30 55 50 15 26 95 46 11 23 63 
64 71 46 37 73 96 60 92 44 24 25 95 70 55 75 12 35 18 39 77 50 48 72 23 57 58 68 80 48 42 74 86 78 97 23 56 36 74 81 31 95 92 38 7 60 30 8 69 60 88 11 13 14 63 21 60 46 17 12 49 48 60 3 26 18 76 44 99 7 13 98 73 13 81 86 76 39 99 47 81 15 62 89 88 8 81 10 69 20 35 43 52 52 69 30 18 70 39 34 34 
75 14 100 91 87 20 17 34 29 92 20 12 51 36 46 92 46 44 9 87 90 71 65 52 9 78 58 56 52 10 29 8 60 54 97 62 96 77 29 75 34 15 82 61 22 37 61 96 22 49 37 20 4 57 84 60 77 72 14 83 49 85 18 55 39 78 98 46 81 42 36 81 56 11 38 45 15 43 79 6 61 16 54 83 73 24 47 52 39 49 75 23 79 28 2 38 21 82 57 90 
31 86 77 28 72 42 93 19 46 35 9 96 23 19 20 24 6 68 7 12 45 90 9 43 35 39 62 65 12 93 52 65 95 46 84 94 88 24 28 16 84 93 45 72 13 46 63 79 46 59 37 18 98 79 7 2 72 29 18 40 83 4 2 80 60 77 82 22 38 82 15 96 87 59 77 50 32 84 64 32 76 83 97 13 71 84 6 51 61 47 77 59 99 97 14 46 20 44 12 24 
74 9 70 19 76 23 51 72 21 28 52 9 38 85 77 31 9 29 98 59 44 64 17 7 37 82 14 67 64 33 65 16 60 85 76 83 67 32 21 97 53 98 42 35 77 21 78 60 8 6 33 81 91 90 94 49 11 26 70 5 8 55 3 95 58 16 52 22 53 52 78 51 52 52 76 28 21 34 15 53 6 23 12 79 67 81 47 7 9 40 88 86 90 63 53 69 33 97 8 98 
47 97 49 25 35 53 15 1 33 13 57 22 29 98 2 10 29 46 96 48 62 96 18 10 74 22 35 32 54 13 45 9 16 25 46 57 34 54 76 72 73 76 30 33 81 39 59 51 25 100 55 93 88 27 41 59 41 52 58 90 19 100 74 22 68 82 64 46 52 92 73 7 29 35 96 81 30 32 31 56 87 26 21 20 99 40 1 1 87 100 46 5 71 64 35 43 31 71 52 49 
36 57 83 55 29 47 66 49 85 40 59 97 19 52 28 44 65 6 96 23 5 46 90 20 92 24 26 58 54 50 82 69 60 81 29 15 17 3 31 35 63 10 86 9 77 26 11 81 66 70 83 17 76 85 100 16 15 37 60 68 54 26 26 43 39 89 61 61 1 51 65 55 27 24 57 35 35 10 34 7 61 41 60 46 7 15 76 81 72 52 51 48 85 53 92 93 75 94 35 29 
35 52 32 16 43 66 23 42 64 87 42 85 71 44 5 8 21 77 88 21 94 37 23 95 89 7 89 59 100 66 32 60 20 61 26 63 98 57 23 30 56 83 100 36 32 29 44 71 53 85 50 28 64 87 20 59 8 55 93 44 87 69 32 19 26 89 100 81 65 23 3 7 18 99 62 2 26 18 9 23 40 46 74 17 81 12 60 89 47 30 93 63 43 89 97 26 55 73 36 100 
24 85 75 94 33 98 18 56 66 79 47 65 24 96 42 53 81 84 53 40 92 71 34 93 58 73 46 50 2 95 29 80 85 76 96 39 41 7 89 31 22 5 60 63 77 79 13 92 97 10 36 51 70 49 42 61 23 62 8 52 40 59 26 57 7 19 52 42 73 100 79 56 21 46 75 25 25 6 39 84 68 77 8 28 66 10 53 29 7 6 23 92 92 85 48 77 100 15 87 21 
85 85 66 18 8 72 35 81 13 10 90 5 53 97 60 96 34 29 7 86 42 42 77 90 44 26 92 5 60 70 59 17 39 89 9 47 2 40 24 63 65 96 36 25 29 96 69 77 72 97 39 44 25 31 49 78 86 63 32 90 51 50 37 66 22 23 34 2 48 44 46 75 6 100 66 77 42 100 43 3 12 82 1 31 82 20 29 69 43 94 71 40 83 18 37 58 55 92 85 17 
88 49 94 78 6 94 6 76 53 98 73 14 59 30 80 11 12 31 19 54 51 29 37 8 82 31 98 82 59 78 10 14 26 50 2 72 6 7 32 77 12 78 7 96 40 97 3 41 15 62 19 79 76 45 17 62 97 51 93 97 21 83 54 7 11 68 100 6 63 35 68 30 79 99 61 42 55 31 15 77 36 36 31 84 100 90 24 9 47 11 28 85 38 12 95 80 66 31 71 47 
6 7 14 70 96 29 32 48 58 46 51 45 19 3 70 56 91 13 30 43 92 93 95 26 70 13 73 40 67 61 52 98 4 78 16 29 55 76 83 33 29 40 3 59 31 36 18 92 16 32 75 33 13 14 1 57 2 15 3 97 14 81 22 86 15 78 71 59 82 20 75 11 83 40 1 17 90 57 48 70 79 82 52 54 62 70 2 54 28 62 39 24 34 50 13 54 14 4 85 72 
43 14 72 19 62 50 43 87 67 12 4 48 9 26 77 57 33 87 74 86 62 87 56 26 30 96 64 65 37 56 18 51 17 46 67 15 72 26 97 7 58 55 99 30 94 63 99 22 55 48 32 79 44 15 75 12 50 4 15 67 59 34 81 31 30 9 2 8 26 62 29 38 49 64 53 37 46 52 20 44 61 95 79 7 86 65 54 32 64 22 31 31 98 86 23 7 32 100 1 78 
92 33 49 64 50 58 30 19 97 17 27 79 5 96 48 90 3 30 49 34 74 87 65 46 84 82 62 44 89 65 32 79 96 48 43 64 25 60 13 87 80 48 25 4 89 22 15 9 22 13 99 21 80 3 21 23 59 11 12 40 81 43 28 91 65 76 14 38 6 47 23 6 26 69 22 52 18 4 45 77 40 4 29 40 35 3 99 84 58 100 3 17 80 31 64 70 19 45 46 56 
4 26 100 89 27 83 92 86 85 97 50 67 75 47 15 4 34 68 13 94 77 94 3 46 3 22 49 87 96 60 100 16 40 18 20 69 38 99 62 89 3 62 46 66 44 34 43 69 21 38 28 47 13 18 51 40 82 96 54 22 72 85 31 76 54 48 50 57 44 36 19 10 68 95 78 25 25 10 90 29 22 63 39 30 11 56 37 45 39 55 24 73 22 37 61 67 76 36 57 9 
6 26 84 56 47 50 87 78 20 18 45 100 69 8 66 69 46 53 19 98 86 64 74 36 100 49 6 40 89 33 34 59 3 14 97 80 94 53 53 79 47 32 76 5 85 85 5 1 57 21 55 59 90 5 25 83 61 82 21 74 57 48 88 87 89 45 39 51 31 58 10 17 65 28 35 68 46 70 50 71 72 91 60 59 38 84 39 22 53 45 84 48 43 41 9 89 12 14 100 70 
42 52 76 19 74 52 93 70 12 71 72 72 89 76 47 32 83 63 78 82 63 33 73 40 57 44 17 76 23 58 56 25 54 42 62 16 53 37 11 22 70 13 7 1 80 15 62 67 75 12 41 66 74 75 2 31 14 64 69 78 4 94 57 31 18 68 77 96 82 7 38 21 43 86 67 58 80 29 57 25 86 19 43 57 54 89 5 65 47 37 23 46 92 62 84 56 81 56 48 63 
59 17 6 16 42 3 70 12 37 18 15 89 92 29 92 89 75 31 63 88 22 47 24 39 77 47 38 47 59 72 21 62 55 4 36 99 76 6 73 11 24 13 78 100 58 30 24 80 47 61 51 43 50 23 94 11 77 46 95 16 72 99 83 92 97 61 25 55 28 61 70 82 39 17 40 90 31 44 18 54 46 89 91 20 5 90 27 94 66 69 44 33 44 54 72 5 48 96 44 3 
70 9 60 51 42 40 20 33 54 95 16 59 42 13 79 81 48 93 95 94 97 27 58 27 31 90 98 67 91 10 84 60 83 14 92 71 43 47 74 29 47 94 47 85 77 19 64 28 79 27 19 84 95 50 99 22 92 56 34 95 44 11 79 33 30 42 32 87 89 67 59 81 59 86 47 8 13 15 22 62 75 74 16 33 72 45 16 9 55 30 44 56 91 96 98 92 35 100 16 47 
62 7 75 9 57 26 89 75 28 96 35 79 81 42 68 90 39 88 81 28 30 79 2 51 49 40 71 48 71 95 50 43 99 93 68 57 33 15 63 25 90 99 91 33 58 27 14 78 70 26 79 91 6 15 83 90 83 12 96 4 69 4 47 87 51 78 42 90 47 27 34 77 50 31 92 55 92 94 34 95 2 59 89 47 8 72 55 17 83 65 89 2 42 35 76 2 92 6 23 97 
89 76 35 29 99 80 34 42 39 31 98 81 16 3 37 70 73 68 62 72 47 30 82 60 58 23 5 3 98 82 72 12 70 86 11 60 16 8 84 93 87 13 100 75 34 90 18 34 57 46 35 34 79 79 81 77 58 30 88 85 54 98 52 49 26 50 66 50 35 99 5 48 9 65 17 36 11 92 68 92 66 79 10 82 27 84 21 34 56 26 66 90 94 74 14 93 16 52 13 91 
89 27 69 65 83 56 34 34 70 63 55 50 67 43 10 85 71 87 83 78 82 8 45 31 65 87 62 87 2 11 8 66 58 15 58 1 46 67 42 86 15 91 96 39 71 92 95 71 77 75 41 68 53 1 75 42 95 26 40 4 33 23 67 17 12 2 65 61 94 13 30 88 56 10 50 22 61 11 96 17 88 84 62 100 56 27 40 20 32 35 8 21 41 37 73 61 45 54 86 9 
47 95 4 55 81 69 74 15 5 4 32 63 82 30 76 77 32 72 95 97 76 9 88 55 38 69 78 96 56 26 74 84 53 83 75 85 65 76 77 22 78 6 62 44 65 51 98 13 66 92 15 12 74 3 8 15 42 89 42 36 56 76 80 94 67 70 16 18 8 80 24 39 17 79 93 47 43 67 42 33 68 66 82 68 80 22 13 44 15 40 29 56 22 21 40 84 24 86 87 20 
62 21 23 69 93 56 14 32 43 1 26 81 24 33 81 13 30 54 61 79 32 55 87 94 24 52 78 80 84 16 91 91 46 23 40 10 19 90 43 6 88 97 43 63 55 5 40 53 79 83 16 77 11 76 13 61 45 30 69 35 28 90 64 71 97 57 82 29 68 2 10 51 35 84 83 20 9 17 4 95 18 44 21 48 62 12 47 2 85 68 9 41 18 23 68 26 92 90 1 83 
1000
23 57 73 75
79 32 96 91
6 42 51 49
28 54 52 77
40 79 60 83
64 9 68 57
58 9 69 34
44 74 98 83
64 41 64 44
66 9 88 83
15 84 22 97
1 1 56 14
5 29 69 35
73 38 80 86
27 47 87 86
41 43 52 82
37 1 57 46
86 7 99 55
16 23 58 84
40 37 59 86
14 35 43 50
35 75 55 94
65 15 77 43
5 27 29 47
21 53 72 72
64 9 96 78
75 30 91 71
76 35 82 74
21 6 95 32
42 32 85 97
26 13 26 94
37 33 94 99
22 54 59 85
22 65 79 96
33 58 38 68
26 36 81 89
16 26 91 72
56 68 67 90
9 60 56 97
50 35 56 71
29 13 79 98
4 76 34 83
20 24 46 42
45 31 94 38
57 78 77 85
38 49 91 51
60 24 91 83
31 22 32 85
6 29 93 48
71 18 73 93
36 2 54 46
31 54 49 69
3 83 29 85
3 25 23 63
25 28 64 80
52 30 78 94
29 10 85 59
3 58 9 99
76 23 85 89
93 57 100 99
54 60 96 83
20 43 53 81
18 8 22 39
24 1 27 45
4 1 21 67
63 37 70 88
29 10 50 79
6 10 13 91
2 39 34 100
7 91 71 97
67 8 99 24
5 13 100 17
12 45 31 85
66 59 73 84
46 61 62 64
19 4 79 83
77 17 78 50
22 1 46 69
49 9 96 39
97 14 99 93
83 27 88 53
77 17 96 33
7 40 76 66
1 29 5 38
18 36 85 85
24 29 77 84
83 54 89 87
6 20 18 35
8 12 11 75
25 6 49 66
39 21 70 50
38 14 79 40
16 44 40 67
66 12 91 94
84 13 85 75
3 58 11 81
85 75 94 90
87 2 88 37
62 40 92 92
37 29 74 65
4 80 53 89
34 36 58 59
41 48 75 81
27 89 56 99
64 34 96 40
32 56 66 94
3 56 75 76
24 8 48 15
42 6 94 92
8 68 12 93
10 2 32 94
36 60 69 81
49 34 57 61
45 26 61 40
19 25 82 47
45 44 77 47
9 98 21 100
13 55 66 89
37 8 77 79
28 60 71 93
53 54 77 63
5 62 10 92
20 45 95 67
6 21 95 24
32 6 96 30
12 32 52 67
28 86 57 91
47 34 87 62
49 16 80 68
1 31 68 53
27 31 74 62
83 55 93 88
36 36 92 51
4 14 10 40
21 13 59 57
55 69 55 86
79 29 96 99
15 16 23 22
24 38 81 77
13 27 71 27
14 3 82 61
16 20 35 31
84 71 93 71
77 25 82 62
52 31 78 40
85 75 86 92
48 44 61 44
10 41 63 76
29 28 44 41
26 54 52 71
1 53 69 53
12 43 17 98
27 27 95 91
14 23 88 38
50 47 64 82
22 17 28 60
12 38 12 88
11 27 28 36
4 64 78 93
74 11 78 49
38 62 67 63
23 13 60 32
13 10 44 35
7 56 100 91
23 25 32 81
14 56 63 83
72 9 96 61
9 20 35 21
56 35 77 43
83 59 85 69
56 21 72 33
64 24 79 61
11 42 24 94
20 70 61 88
17 31 76 45
12 12 61 64
41 18 67 72
4 22 87 76
71 21 76 53
58 59 74 80
7 61 18 77
48 7 98 71
53 8 71 91
14 52 62 94
8 33 87 42
17 13 26 78
14 13 63 54
14 42 23 91
33 32 97 84
61 59 66 81
47 53 69 85
8 68 26 99
10 7 12 59
21 5 81 14
24 29 74 62
47 25 53 33
2 26 19 62
29 14 69 49
21 39 98 39
8 33 69 54
20 60 32 63
20 61 22 76
22 42 57 79
70 35 84 79
70 75 78 77
9 37 41 92
53 76 53 97
76 62 76 66
4 15 4 37
49 32 73 41
51 51 81 89
60 36 92 97
35 51 72 79
30 2 48 27
23 59 51 77
36 53 82 68
39 77 97 96
8 15 39 47
13 14 61 90
16 38 57 68
8 11 9 39
26 12 71 65
23 41 24 46
44 30 85 53
4 27 77 99
88 13 97 28
7 4 37 83
14 37 27 61
41 66 83 92
89 43 93 89
47 65 99 81
16 7 69 57
26 31 26 94
21 26 82 60
49 66 81 71
86 28 98 67
30 62 70 77
93 34 97 57
64 36 67 86
51 36 78 75
66 28 82 57
18 5 67 45
28 76 68 94
32 3 62 80
53 46 97 91
69 48 87 61
75 37 81 89
20 82 77 90
3 60 7 73
23 23 75 27
25 31 59 36
41 25 62 81
66 31 80 70
53 13 96 85
41 22 99 62
86 23 95 46
11 14 64 23
44 47 87 67
18 40 30 99
23 76 76 100
69 58 84 60
82 47 84 65
64 3 92 45
57 11 58 44
2 2 91 97
42 53 80 84
66 35 68 65
26 16 72 89
35 53 81 64
32 21 99 43
19 71 81 80
11 24 12 97
15 16 25 68
13 27 63 95
8 40 21 60
26 3 70 80
62 15 68 23
61 67 73 77
20 26 86 34
32 48 59 88
21 53 74 90
15 59 28 92
83 51 94 95
81 7 94 11
30 71 78 88
28 6 48 82
31 51 37 75
77 70 100 86
18 6 75 34
15 4 15 84
12 30 42 92
24 52 52 59
10 69 99 87
10 81 89 81
50 23 87 39
7 44 86 74
33 10 45 48
5 14 89 19
61 51 81 74
14 7 42 93
40 28 53 41
70 36 79 79
54 39 97 62
32 57 59 95
37 11 68 15
40 36 64 97
36 56 60 97
50 36 51 37
53 38 91 75
6 2 11 19
29 20 36 43
62 33 83 88
10 13 68 84
22 13 85 85
82 5 100 8
60 66 91 83
37 8 52 14
22 3 81 75
6 23 42 31
35 1 48 91
31 57 53 84
41 27 75 86
9 94 53 99
21 53 95 53
22 30 27 92
58 54 65 54
17 6 98 21
18 68 63 72
3 56 37 80
17 9 43 51
31 16 96 77
29 19 92 94
54 56 72 75
24 67 38 86
2 3 98 94
29 68 72 76
27 38 27 46
1 54 29 88
53 69 90 77
96 41 100 65
79 19 80 23
19 68 24 93
45 34 59 91
57 36 76 82
23 13 25 53
4 43 28 67
34 41 52 53
38 9 38 43
8 13 37 44
14 52 18 81
7 20 69 61
8 3 14 3
82 46 83 79
49 52 53 85
25 24 100 93
37 21 41 89
15 81 34 84
43 29 96 31
19 81 29 92
77 20 89 21
55 60 70 95
40 29 88 91
5 21 84 47
14 28 45 82
22 49 25 79
2 56 85 69
17 45 67 54
66 66 88 82
28 18 87 46
41 50 58 69
82 42 89 75
7 53 50 82
18 27 32 86
17 23 62 59
20 71 76 95
2 14 97 49
85 46 98 74
18 14 42 85
15 5 26 41
45 14 63 46
23 33 73 67
24 1 99 56
62 24 69 41
2 14 92 16
62 41 62 49
18 31 42 43
78 28 92 57
18 20 38 98
29 45 85 71
63 41 84 72
41 63 93 81
2 67 35 75
53 10 89 38
72 44 78 83
2 52 50 62
57 7 77 68
29 7 48 91
75 15 78 24
68 5 79 55
75 20 82 98
17 22 60 28
12 24 41 45
7 36 31 66
62 33 80 58
61 18 100 70
21 16 53 93
62 15 73 76
48 36 50 71
96 71 99 81
60 9 86 71
67 36 95 58
32 62 97 92
14 65 20 99
37 23 84 95
27 69 84 89
27 66 68 76
13 65 26 99
56 29 89 60
46 22 95 84
36 82 48 93
4 9 37 25
11 30 80 30
1 25 99 100
60 2 84 84
25 13 62 36
28 64 73 68
36 43 56 95
20 1 74 86
42 25 54 48
38 5 41 64
14 38 97 60
30 32 100 40
32 37 86 79
69 30 73 98
36 47 92 90
4 10 43 36
70 50 96 52
12 53 55 61
23 29 90 56
75 25 83 64
7 60 76 86
19 23 90 72
42 5 74 90
85 8 91 64
74 22 97 71
18 52 44 55
4 72 72 96
9 26 52 44
5 7 85 14
35 3 60 86
37 40 50 59
16 11 79 73
4 20 87 98
75 38 96 57
75 14 99 36
51 53 69 55
20 13 93 63
63 26 74 46
50 3 92 26
22 23 57 35
22 5 57 59
33 19 65 88
53 18 71 98
67 18 70 69
14 1 86 18
2 66 72 87
17 27 79 31
4 21 20 60
24 21 75 61
30 12 83 67
27 22 71 82
20 39 83 72
85 15 92 80
74 46 80 59
29 62 43 78
81 78 88 89
64 19 91 39
13 36 51 50
72 32 97 99
12 15 85 28
3 11 8 12
62 13 73 58
10 19 52 31
18 54 27 98
40 80 42 81
13 15 53 67
16 51 55 54
55 19 69 35
64 41 89 46
86 8 97 97
5 49 15 82
20 3 51 74
14 70 21 76
10 7 17 90
2 7 24 20
18 26 26 77
77 9 81 17
14 48 44 68
2 5 69 5
20 63 69 82
42 4 96 36
43 10 74 70
12 10 12 37
10 19 87 69
59 12 89 57
36 9 80 21
57 33 100 70
13 17 82 45
41 33 98 58
44 71 62 95
17 32 21 78
32 90 74 92
37 16 52 85
82 10 90 42
55 9 95 39
20 53 46 87
48 56 81 84
46 51 52 97
12 67 39 83
20 58 64 76
43 29 68 93
11 59 47 98
74 3 93 26
3 60 68 94
43 95 61 95
3 14 68 89
63 14 90 22
7 14 83 25
24 67 35 98
6 15 85 42
1 9 60 36
11 33 73 42
12 16 23 99
19 55 30 55
2 11 92 52
25 6 34 7
10 33 58 93
42 1 79 34
35 39 39 95
16 62 54 81
33 80 83 99
55 91 83 91
5 50 28 77
51 26 100 55
26 27 51 97
21 56 80 68
32 81 74 95
6 28 93 38
10 67 20 87
71 59 94 63
11 52 52 99
36 47 97 56
71 62 84 77
21 32 52 94
22 22 49 57
23 21 27 48
4 37 22 54
5 36 14 96
44 44 99 55
69 14 78 91
31 21 63 86
26 3 97 47
17 25 70 37
32 22 71 38
58 51 58 96
25 23 76 59
18 3 37 60
16 75 69 92
6 18 91 45
16 64 49 72
46 11 61 37
29 10 39 92
9 57 75 80
90 20 95 83
52 2 61 93
43 12 93 29
60 12 70 52
13 13 43 67
5 8 53 32
43 2 69 90
77 80 80 91
91 23 99 49
25 30 96 35
54 34 60 48
12 13 64 94
33 42 38 57
13 29 40 59
1 93 77 98
98 6 100 89
1 16 52 51
24 1 87 5
53 49 60 77
25 69 64 78
12 34 20 51
22 65 80 92
27 24 68 63
40 12 63 21
22 1 91 54
18 57 94 61
22 45 54 53
84 89 86 92
7 29 90 78
38 30 67 79
57 37 57 38
4 83 4 96
10 2 21 35
16 13 21 18
10 1 59 83
35 41 62 45
80 34 89 55
49 10 67 99
50 46 94 47
8 62 55 84
65 12 100 86
38 16 49 92
2 38 26 46
61 35 76 43
1 52 12 89
33 2 52 42
87 45 89 88
69 48 94 98
23 91 75 94
21 37 22 76
23 61 36 73
5 66 29 94
27 87 93 93
11 27 80 65
4 8 45 34
12 6 38 17
9 37 48 83
7 13 59 53
25 32 37 74
77 28 94 31
64 28 85 84
33 4 36 70
72 12 90 56
21 44 60 90
86 36 91 45
46 8 86 76
45 2 51 37
34 19 49 86
66 47 84 92
57 4 94 9
6 50 94 59
50 3 88 79
65 35 71 51
45 8 80 60
2 85 77 89
25 58 32 83
14 14 21 99
78 31 96 84
46 25 90 81
31 35 82 58
29 22 86 81
13 4 66 98
69 8 94 25
18 78 47 86
3 75 91 77
22 57 93 67
80 56 84 96
39 10 79 70
45 16 88 80
23 48 66 87
69 31 70 36
52 2 79 47
15 73 71 83
10 5 11 83
65 51 91 54
6 2 76 27
24 31 44 38
4 46 65 60
56 9 84 40
47 48 84 99
21 13 76 69
28 1 28 97
22 84 49 96
19 75 49 98
37 23 98 88
36 51 57 75
49 44 95 54
20 57 68 93
55 5 74 27
84 15 90 57
25 84 44 87
29 6 29 18
79 40 85 68
1 24 99 90
3 60 61 88
26 82 47 91
33 14 45 85
12 59 91 64
27 23 63 88
29 40 89 64
5 7 35 17
14 30 90 66
76 34 79 99
38 10 39 55
36 15 56 90
10 66 70 74
11 59 20 84
76 11 90 40
32 62 60 94
62 20 92 35
32 37 96 87
100 51 100 99
12 5 26 12
24 14 86 91
74 46 95 63
21 22 80 30
38 58 97 97
3 12 67 45
5 67 18 76
100 63 100 73
71 33 76 80
7 24 69 74
16 1 93 46
22 33 26 74
42 38 46 45
43 67 98 68
6 26 75 98
26 44 26 79
33 47 99 74
33 73 91 87
41 42 98 82
42 19 92 99
38 5 51 40
44 90 70 100
60 79 61 97
14 24 29 81
41 26 77 89
8 19 38 27
84 1 100 20
37 12 74 50
13 40 80 91
86 28 100 87
46 8 100 86
71 54 87 81
59 58 68 71
39 36 88 62
29 26 89 81
60 6 95 8
13 6 45 96
16 3 88 35
50 57 92 93
90 19 97 73
10 6 51 79
12 9 78 27
24 75 28 97
64 72 91 97
52 50 98 76
50 83 75 93
36 56 99 82
22 66 69 85
5 42 23 45
33 13 51 45
25 33 32 94
9 34 10 57
41 3 67 43
19 4 26 68
28 22 98 25
30 69 63 93
68 31 85 59
47 23 90 52
40 31 79 65
67 23 69 90
63 46 66 77
3 35 22 52
21 66 27 68
42 53 49 60
50 30 61 30
79 43 90 82
68 3 74 20
63 8 68 41
71 63 81 65
5 43 47 60
46 1 65 42
12 26 15 66
12 13 21 48
15 10 52 14
10 8 18 16
40 4 85 54
5 31 26 38
5 6 75 65
44 8 61 66
49 45 81 86
86 36 98 95
76 34 79 87
58 37 69 45
11 42 29 44
50 57 80 74
62 55 98 77
38 57 83 90
81 36 97 56
10 14 16 32
26 8 78 73
25 30 38 65
75 21 87 35
39 9 92 96
6 18 15 67
5 55 40 84
12 42 20 75
63 5 70 61
52 17 60 64
63 74 83 85
19 19 51 62
44 20 89 60
24 28 27 53
55 43 99 66
22 1 45 82
54 16 63 96
33 80 91 94
53 9 73 32
18 37 99 64
4 33 92 50
19 26 83 98
16 52 65 72
39 44 69 89
34 61 83 75
5 1 30 87
8 1 75 39
47 1 52 28
47 51 87 87
26 18 32 62
1 11 40 87
26 7 100 72
71 81 97 92
8 45 41 48
16 58 38 72
63 44 91 56
40 8 97 44
86 2 87 14
2 61 71 67
10 7 68 36
36 62 43 98
18 4 40 36
44 25 79 53
12 6 58 62
20 19 25 57
27 17 30 34
42 21 54 64
41 4 72 21
13 68 60 98
3 76 88 100
2 44 77 70
27 60 84 76
49 34 80 91
43 23 64 62
65 40 84 44
18 22 66 78
6 3 44 64
9 17 17 80
52 26 72 27
72 37 83 68
39 18 98 48
20 49 61 99
25 9 51 24
34 4 35 100
24 42 28 48
36 36 49 46
47 20 99 74
75 72 96 95
32 41 36 65
52 8 87 62
54 19 81 22
37 21 90 87
45 53 72 71
1 31 12 85
58 10 98 48
30 14 78 31
57 21 94 30
35 48 64 59
5 22 75 36
68 16 93 96
19 22 56 43
33 22 83 41
54 42 57 59
11 71 80 75
21 10 40 95
2 34 74 44
10 4 61 65
21 63 23 85
36 14 65 24
7 6 77 29
3 51 3 82
17 76 35 93
1 18 96 68
46 7 87 55
13 78 78 97
85 52 100 70
5 63 90 85
28 45 54 98
9 57 36 67
39 3 43 7
44 32 55 66
63 69 96 100
11 54 12 88
48 36 71 94
1 35 72 67
7 33 27 78
17 56 64 93
5 57 47 83
55 48 64 48
57 39 98 75
58 3 81 31
1 76 71 88
38 9 49 40
55 31 76 55
13 3 42 60
42 5 57 99
13 65 80 97
26 32 51 72
49 19 75 70
8 58 70 88
34 11 34 87
5 3 30 13
99 31 100 35
71 49 91 84
53 12 53 29
23 48 70 68
32 65 39 72
26 13 63 29
35 47 76 99
38 12 42 47
9 43 35 93
16 64 26 84
20 2 58 80
12 9 54 23
72 12 89 91
14 32 38 94
76 44 97 58
14 85 23 91
44 22 45 84
11 25 79 87
56 15 59 82
10 39 53 88
53 35 74 48
53 61 67 66
58 53 81 74
4 56 86 96
33 34 67 88
22 58 81 78
34 49 72 49
41 7 78 54
50 33 85 68
55 45 91 74
1 37 77 42
8 7 100 95
23 53 82 99
9 26 71 40
86 36 97 98
25 39 67 48
33 6 96 16
30 66 81 99
3 6 79 73
70 5 97 66
13 45 96 74
22 21 34 84
10 37 26 43
71 89 82 93
32 6 51 32
63 8 82 35
50 4 84 85
34 8 56 82
23 12 82 76
45 53 53 88
58 36 59 71
61 2 95 87
83 4 88 7
15 14 58 63
13 34 28 62
49 35 69 87
10 51 26 85
47 74 81 74
8 77 81 97
40 20 57 98
10 14 40 32
10 8 72 57
30 31 33 65
36 60 43 60
5 11 35 56
14 23 84 23
41 53 78 73
19 22 76 86
10 27 41 100
53 6 89 56
5 54 37 65
46 43 96 45
3 55 3 62
70 60 71 99
3 42 26 62
19 36 72 98
9 6 39 71
85 10 90 73
54 58 82 100
15 34 70 83
50 2 80 42
16 25 59 63
51 42 93 92
32 47 64 47
32 40 40 95
