100
71 69 96 44 59 32 21 87 90 25 32 50 8 3 22 26 28 37 90 32 70 34 12 19 89 20 94 76 6 70 29 80 91 35 25 79 25 15 93 16 65 73 30 95 67 45 97 61 69 59 49 94 89 45 69 38 7 67 46 32 57 31 83 15 60 33 35 16 51 47 42 74 59 89 3 26 93 31 4 73 45 12 90 88 47 18 69 58 90 59 86 31 35 52 14 44 21 80 18 65 
58 84 82 76 4 39 74 65 51 59 92 4 74 78 82 58 59 41 75 67 48 30 34 33 53 4 54 33 92 91 47 93 68 100 35 64 35 8 97 92 16 39 98 79 22 19 19 21 13 64 15 18 69 64 56 63 58 98 31 28 83 21 65 2 87 50 59 65 97 76 68 63 15 70 14 71 44 91 23 29 22 59 53 20 37 73 22 8 12 23 64 72 18 95 23 60 78 87 100 12 
48 79 56 47 63 71 2 3 82 25 22 100 49 92 61 36 1 81 52 20 60 81 93 42 95 32 60 22 7 76 31 36 45 55 75 19 68 17 88 12 18 90 32 8 30 14 75 6 85 64 93 77 59 31 98 61 89 55 58 3 54 70 31 6 76 73 85 89 70 45 88 41 15 26 96 46 38 47 26 61 63 54 32 44 64 95 75 8 87 61 82 31 100 78 25 91 93 62 34 58 
7 42 21 62 6 15 57 49 32 42 31 92 98 45 54 35 16 29 87 96 64 84 34 81 51 4 74 80 23 67 76 27 39 87 62 72 52 10 90 96 22 53 83 24 33 20 27 22 41 21 55 100 31 5 29 10 11 15 71 5 69 44 82 3 89 65 35 17 32 52 14 22 56 66 8 82 62 92 27 51 77 98 86 17 4 98 73 91 8 42 20 33 15 26 87 79 15 93 63 56 
39 90 4 59 10 46 84 22 17 76 75 25 4 1 72 59 51 76 13 75 13 84 77 3 4 91 98 75 33 90 21 77 45 71 9 71 59 59 58 55 15 66 68 9 32 21 84 9 61 1 85 26 45 43 83 16 22 7 52 95 70 30 68 78 98 27 45 3 37 77 20 31 68 42 66 87 37 55 15 100 8 54 31 10 43 53 85 36 29 62 74 39 9 31 65 24 98 62 72 96 
52 97 64 83 62 81 93 39 75 66 37 18 82 62 81 29 90 49 90 68 6 56 64 11 82 74 28 89 44 72 17 67 29 5 40 87 93 90 57 38 81 18 51 21 95 21 93 67 19 40 26 78 61 36 5 99 84 65 36 63 83 55 12 22 43 17 17 31 29 53 55 5 83 97 77 7 93 100 27 93 93 22 34 62 43 12 11 75 59 59 47 11 8 56 30 73 57 59 20 71 
92 79 10 89 93 6 63 82 52 41 52 60 42 16 48 48 5 44 49 14 29 59 49 12 27 73 54 57 51 64 75 11 1 21 31 30 69 21 79 54 39 34 25 4 58 78 38 38 14 56 19 16 6 37 23 84 20 39 34 37 69 88 71 19 53 45 29 67 48 26 87 35 91 74 87 40 46 48 92 100 99 42 46 71 45 68 41 27 3 12 6 79 28 16 65 43 13 50 29 53 
30 97 17 20 74 98 46 80 7 27 67 97 51 93 58 93 28 20 88 43 65 4 68 10 34 63 34 58 15 78 29 10 74 64 83 2 46 52 3 89 98 53 4 47 44 76 88 33 11 56 65 71 91 75 43 81 93 6 27 53 29 69 83 26 90 28 16 38 30 7 1 87 66 25 22 68 34 67 42 25 7 54 68 78 94 5 33 62 85 36 39 4 20 12 24 82 15 33 52 43 
67 77 21 44 95 58 43 58 94 61 46 43 54 20 94 71 56 50 30 93 88 67 50 44 92 17 64 11 84 14 64 5 47 19 32 59 75 40 12 26 23 52 26 70 44 66 22 55 93 38 94 40 91 1 49 30 74 77 45 8 6 45 69 96 83 82 65 89 97 65 41 6 33 12 5 49 53 73 26 41 99 90 64 91 25 54 3 13 69 43 27 47 4 43 58 33 95 25 29 76 
21 7 59 29 39 17 21 49 89 32 93 38 55 49 25 88 27 23 78 5 94 47 9 11 22 40 12 25 72 48 35 15 71 34 74 86 51 86 21 26 51 94 54 76 58 54 15 4 62 71 54 68 42 85 58 71 46 55 93 26 67 22 75 28 84 75 45 79 14 27 2 75 7 72 10 76 95 56 80 86 14 84 79 82 24 12 15 84 46 53 49 20 9 84 49 37 24 60 66 42 
91 59 2 62 6 47 3 6 100 44 3 64 60 65 70 73 77 16 48 41 78 28 50 68 13 52 66 48 99 13 33 76 25 93 27 95 35 39 78 36 54 43 91 90 96 88 22 77 3 36 81 59 39 24 46 48 39 57 67 82 27 39 58 94 14 100 12 92 29 94 78 16 92 12 59 29 69 5 3 18 3 33 41 17 36 83 74 86 81 38 44 81 22 47 73 62 64 14 74 64 
91 42 20 23 10 39 11 94 100 22 2 29 89 20 3 13 76 12 31 2 80 52 93 54 84 68 50 5 68 97 28 7 78 47 24 72 59 98 26 18 44 3 50 5 63 5 7 10 81 35 96 24 50 65 99 69 23 86 36 53 11 58 99 77 99 37 84 1 23 63 10 40 50 24 82 58 70 47 54 73 54 18 96 43 38 45 98 50 32 24 14 100 26 87 16 86 15 14 10 68 
57 34 46 79 43 98 86 10 39 64 75 96 36 34 91 4 40 84 88 78 42 40 17 67 37 39 94 21 54 31 35 9 28 47 95 18 43 79 9 16 100 60 9 40 97 92 25 18 38 80 15 40 36 8 35 68 22 68 29 52 86 72 90 74 36 12 75 75 51 59 58 37 34 75 21 97 9 25 32 74 9 12 77 93 84 52 96 80 91 84 19 93 56 8 89 9 57 46 34 90 
35 80 32 100 76 46 36 78 100 14 29 83 70 75 67 80 68 76 4 7 56 4 83 64 97 78 74 16 68 56 61 74 30 12 42 85 53 37 28 90 56 85 40 74 75 82 28 84 22 26 35 46 69 36 37 47 1 68 52 6 9 81 56 68 48 64 91 36 82 75 36 20 69 78 39 39 54 27 47 55 100 7 3 89 72 73 54 48 23 87 74 84 24 5 29 57 13 50 3 35 
74 81 91 81 14 71 28 39 29 55 11 46 83 49 78 39 90 46 78 3 70 83 8 77 62 43 51 81 77 9 14 33 100 17 70 37 94 59 19 42 14 91 40 89 36 51 99 92 96 36 3 24 91 46 54 98 25 46 55 17 77 89 69 62 62 43 100 35 18 2 60 76 6 9 98 61 89 38 59 25 26 97 66 6 98 33 59 28 22 43 60 98 14 55 16 55 33 24 79 9 
54 63 54 20 95 43 35 94 7 68 16 97 28 66 42 7 40 51 11 13 38 31 7 28 45 5 47 32 22 66 83 71 21 97 12 66 1 46 88 94 77 23 64 54 36 9 40 33 58 87 20 84 20 15 92 83 84 60 39 33 48 7 70 28 44 22 8 49 17 18 67 79 77 63 80 20 97 66 66 73 95 91 11 41 98 80 34 59 93 62 72 69 18 20 19 25 6 49 9 63 
40 95 12 84 52 86 73 92 4 93 68 82 31 49 38 54 41 72 76 50 56 47 53 57 29 43 91 93 30 20 7 24 74 84 53 6 83 74 37 70 71 38 43 20 68 73 17 14 26 15 85 24 18 48 34 78 32 95 55 15 32 18 69 33 44 7 87 29 47 96 81 20 46 64 70 96 55 93 53 93 99 24 43 18 19 73 71 77 60 74 30 92 58 11 55 1 97 87 70 25 
49 97 91 37 72 30 30 58 38 25 71 12 31 87 32 40 39 39 80 31 19 2 71 19 26 88 12 13 86 63 10 19 26 79 79 88 81 67 68 18 92 88 80 79 32 53 6 62 24 42 46 70 52 94 89 25 38 2 22 13 21 58 80 82 31 56 78 44 21 39 87 84 52 83 6 34 61 4 63 27 75 47 95 28 12 8 45 25 65 93 67 97 75 19 21 81 76 26 10 85 
2 33 23 72 85 8 48 21 77 9 95 85 4 30 28 64 26 61 25 80 18 67 45 4 78 29 90 47 45 93 25 59 46 3 42 62 48 10 45 4 3 96 55 78 87 84 30 12 13 70 15 50 65 11 4 79 88 16 75 84 26 68 10 47 37 89 48 62 89 7 60 12 62 3 9 94 60 48 78 76 8 38 32 41 44 74 23 73 29 75 40 84 62 48 41 50 65 92 8 58 
4 81 97 78 72 54 88 90 46 76 64 55 91 14 84 50 38 90 86 29 87 97 27 45 72 31 57 40 37 39 27 2 32 86 18 26 7 80 12 23 90 6 14 1 95 97 35 64 2 12 88 30 88 39 11 71 8 17 59 61 66 11 41 8 65 42 41 95 81 62 92 49 68 16 52 75 42 77 5 42 30 29 7 44 2 87 92 89 51 98 61 34 63 18 58 91 7 64 86 41 
85 67 52 46 71 76 18 31 62 6 8 48 53 69 12 49 43 21 11 14 31 33 98 48 46 18 45 36 39 84 8 10 82 54 82 45 67 36 95 99 71 56 28 79 61 13 64 77 60 53 47 53 95 77 40 32 65 15 74 82 67 65 84 62 70 17 90 15 27 61 67 76 40 76 78 13 57 32 56 45 22 33 81 62 63 77 68 34 96 44 16 57 14 39 89 4 34 43 33 72 
71 69 70 13 20 83 96 90 80 25 21 65 15 54 85 16 1 47 86 10 8 32 80 9 65 33 11 87 46 1 7 71 41 73 52 92 91 7 75 82 57 54 7 7 85 98 76 97 70 7 57 71 94 96 61 62 14 85 54 79 34 86 84 33 82 78 9 64 82 97 47 24 40 100 95 72 5 91 94 90 33 31 44 11 65 20 98 31 29 92 36 68 26 74 16 65 4 75 67 2 
22 98 27 9 99 74 61 68 38 48 88 85 41 98 47 7 20 32 72 26 68 75 98 62 85 54 38 24 42 11 53 16 70 46 97 91 58 98 70 23 71 10 55 17 47 90 28 76 24 22 29 60 73 52 28 51 28 62 52 68 84 96 58 30 19 52 27 67 82 66 69 94 55 4 92 33 47 16 64 94 46 44 72 54 32 36 47 57 33 80 17 100 28 66 65 98 46 12 79 80 
50 72 80 44 68 97 83 100 83 96 12 15 49 74 96 52 32 71 42 75 17 84 61 10 95 67 55 66 58 9 55 39 7 27 33 13 69 63 19 21 53 53 2 66 62 81 36 48 64 62 64 98 7 46 93 84 19 25 7 75 16 92 53 2 23 50 78 72 31 95 12 36 23 4 57 97 80 91 87 20 51 82 62 42 1 81 30 96 64 70 56 19 71 82 68 35 32 54 78 6 
31 95 12 35 63 28 88 99 100 31 24 17 68 56 8 64 25 52 3 15 9 67 96 57 87 43 68 49 83 77 89 81 43 21 54 50 54 27 44 68 31 23 27 86 56 80 65 45 54 79 4 30 40 62 87 43 76 99 6 34 2 14 27 53 72 84 48 61 11 31 19 21 99 39 1 64 81 88 97 45 51 88 60 32 61 75 31 3 25 81 80 42 85 53 54 16 41 47 90 39 
71 20 80 36 66 38 59 48 74 48 21 51 70 84 85 77 64 64 28 53 35 84 45 80 14 29 4 51 34 26 20 66 32 77 75 17 84 24 33 13 88 93 8 55 3 28 48 42 10 70 15 91 13 91 30 25 1 39 13 59 74 90 43 67 22 57 45 38 57 70 93 62 62 85 14 38 82 14 98 8 62 4 7 75 39 35 74 79 19 1 35 84 91 12 86 76 4 100 9 100 
84 14 93 83 25 37 70 94 7 77 27 90 32 89 24 95 48 41 28 86 96 2 17 36 96 27 49 64 28 10 14 93 57 65 42 22 92 16 65 60 60 70 58 53 25 72 23 90 35 46 2 81 40 23 91 16 33 80 19 24 1 80 7 21 4 72 67 5 88 89 19 97 100 89 42 20 23 76 86 39 11 10 3 63 14 84 100 14 48 14 24 17 88 5 32 93 6 51 33 42 
64 10 61 27 73 28 28 78 13 25 74 37 60 57 98 81 29 30 60 70 73 99 31 23 25 63 87 12 47 93 39 76 25 94 18 85 38 67 72 59 83 90 16 49 9 25 6 62 60 47 31 85 14 2 9 84 17 94 17 12 77 38 23 27 91 58 31 88 61 69 44 63 85 60 24 61 35 56 7 69 38 73 35 53 91 68 44 69 61 10 20 32 79 37 35 12 90 61 26 7 
74 77 74 88 41 52 9 51 30 27 61 25 83 13 65 34 87 74 66 49 20 4 97 23 63 51 30 90 94 9 97 59 73 21 31 5 20 45 81 59 51 27 72 91 100 96 36 12 17 14 64 95 69 31 78 29 18 58 26 32 8 37 70 83 69 31 24 99 68 11 75 26 68 77 1 82 91 94 69 14 48 39 69 70 30 86 33 32 98 87 60 75 62 4 72 2 97 33 82 81 
16 80 41 27 68 38 100 11 54 66 30 19 92 9 91 42 60 80 31 91 74 78 69 79 68 5 46 31 41 74 27 83 61 11 23 92 22 87 69 56 62 48 82 35 33 92 77 96 14 76 20 61 65 3 53 28 95 96 78 15 26 7 62 56 86 49 65 71 19 64 54 22 83 2 52 82 80 77 25 35 75 88 57 74 76 48 22 64 80 34 50 24 23 73 30 11 51 61 68 36 
79 52 14 85 18 98 7 51 91 8 63 43 56 69 79 23 100 66 50 96 90 89 27 24 16 17 18 87 24 44 72 68 44 47 96 17 2 3 43 20 81 22 12 33 95 94 52 26 21 95 92 95 86 62 89 65 45 42 77 44 64 88 46 80 83 76 2 8 40 67 14 23 10 34 41 27 47 57 17 24 40 38 60 94 96 38 32 56 28 60 41 77 46 55 57 17 44 39 98 64 
58 62 6 41 73 46 26 66 20 73 58 34 55 91 88 17 68 79 32 47 34 3 30 42 10 7 33 70 43 63 1 68 25 97 43 9 12 99 52 34 97 24 9 61 64 37 43 81 51 79 50 7 89 37 37 74 75 47 29 88 59 18 11 9 30 14 72 54 49 8 92 88 8 45 74 93 15 7 93 42 58 22 81 91 80 3 93 2 66 6 26 97 90 42 57 26 47 23 97 84 
53 57 31 33 54 28 95 32 31 57 49 25 53 80 41 67 70 18 95 52 88 65 46 10 9 96 50 51 35 13 20 70 94 42 84 14 97 62 37 81 35 77 28 7 2 7 22 26 63 44 92 3 26 8 88 88 73 30 63 41 80 35 49 89 28 36 74 31 65 32 95 73 31 17 76 17 48 87 31 7 47 76 98 51 56 43 66 40 11 44 53 7 60 14 73 37 33 58 70 19 
70 7 7 92 85 57 14 70 30 51 52 59 28 8 9 85 6 37 80 1 98 23 46 2 90 68 79 57 92 18 63 58 85 72 80 26 67 3 35 21 26 59 70 70 75 46 59 95 56 100 17 48 75 8 66 97 73 2 89 23 30 99 29 6 25 84 27 23 77 76 66 44 92 92 15 79 54 27 10 99 46 97 38 57 65 35 89 52 100 55 24 39 33 64 19 57 82 33 6 34 
33 9 61 54 56 21 34 82 66 46 4 2 31 28 78 42 42 45 85 96 17 99 45 71 45 78 6 100 11 3 70 33 100 9 37 14 51 44 10 46 41 41 44 63 69 63 74 52 39 57 47 13 42 67 96 87 34 62 73 20 38 38 79 35 8 40 43 3 85 54 90 40 1 31 84 5 3 49 62 69 59 14 43 38 71 62 11 54 82 15 21 67 17 19 100 14 67 91 65 68 
18 96 37 46 35 17 89 39 33 94 34 95 23 33 65 79 85 87 65 33 83 26 93 13 65 38 25 66 42 88 56 33 60 77 96 47 34 56 25 40 48 42 23 65 13 58 12 40 13 64 60 23 24 77 8 21 25 27 21 45 94 41 40 69 42 57 59 93 56 82 20 4 92 53 51 30 13 72 79 70 16 75 98 3 56 57 3 50 78 56 13 81 2 51 8 96 89 95 52 20 
40 86 89 60 83 45 17 51 49 98 34 55 13 77 23 94 60 94 21 64 3 49 32 54 49 26 87 22 13 7 95 7 59 50 56 75 15 81 99 83 63 40 48 34 86 12 51 30 20 8 99 34 67 9 55 78 57 11 76 9 31 57 43 65 73 92 40 51 92 70 22 28 96 71 6 11 25 10 3 83 35 77 67 93 38 57 64 12 29 13 72 15 92 57 30 1 97 81 74 6 
83 27 3 53 70 73 96 98 7 94 5 15 99 95 47 24 70 90 40 29 64 29 8 81 83 20 15 42 71 57 28 75 60 7 18 74 89 57 65 93 49 85 89 25 71 47 6 69 6 44 38 35 20 82 94 27 95 55 87 32 40 57 97 91 7 52 46 4 48 28 57 79 43 50 93 6 47 95 47 79 21 57 84 52 2 65 89 18 38 90 99 70 54 32 46 41 57 27 1 80 
67 87 95 18 57 57 26 86 46 52 61 41 70 17 11 38 23 42 93 76 57 34 71 68 18 47 20 67 30 12 22 87 2 58 89 90 19 98 68 24 37 21 40 5 69 3 91 77 51 14 95 19 72 5 90 36 84 22 92 36 35 4 71 57 35 15 89 44 71 61 61 71 20 50 50 86 42 57 27 74 96 17 2 15 97 65 45 40 84 17 16 23 43 42 44 86 96 46 95 89 
31 37 100 52 24 9 87 29 7 64 73 9 36 38 75 84 44 70 88 68 66 18 65 61 59 75 92 89 66 53 97 32 30 63 69 63 59 73 67 56 57 90 22 53 75 70 21 84 5 66 39 78 6 46 31 86 58 35 51 88 62 73 20 42 88 42 88 38 86 33 18 98 29 6 39 13 23 56 29 69 92 58 66 45 42 14 42 47 34 67 74 87 20 74 6 85 35 67 29 53 
49 67 99 20 45 25 7 45 46 99 23 69 47 90 13 71 69 60 74 58 98 43 90 78 92 35 11 83 66 93 31 84 91 23 13 48 11 1 73 91 67 46 55 8 48 81 66 51 24 18 97 53 98 14 21 24 92 94 55 60 8 29 75 77 36 46 96 21 13 7 52 28 84 60 78 20 8 10 35 99 61 20 20 73 13 99 53 75 91 87 16 10 13 62 11 87 26 90 51 83 
18 11 26 59 73 22 72 73 89 50 73 19 87 6 53 67 91 9 19 51 23 19 3 23 44 91 14 65 75 71 26 56 66 54 99 57 72 35 62 12 59 90 87 82 100 39 18 93 18 35 77 41 2 32 28 3 17 42 54 80 40 15 8 14 30 94 34 86 42 62 40 37 70 78 52 79 21 52 8 52 53 61 38 72 39 19 39 74 99 27 5 46 65 44 17 84 66 37 19 15 
89 49 39 84 21 38 6 66 66 39 1 42 54 48 40 5 94 87 87 18 62 56 93 3 72 74 99 32 27 28 1 32 37 32 43 70 22 98 64 32 27 21 24 77 46 94 79 19 74 79 17 28 31 77 38 13 59 66 79 94 73 40 17 25 96 22 16 20 16 92 34 86 16 32 7 15 9 60 8 58 52 57 31 27 68 25 70 66 55 9 53 8 58 27 88 61 97 81 37 4 
56 95 55 84 78 7 56 89 95 12 45 56 42 5 88 28 39 4 47 97 81 72 12 68 16 20 59 83 49 51 69 6 84 32 99 31 88 52 60 9 48 20 27 69 57 1 90 69 10 34 51 40 53 27 33 95 81 2 42 41 33 51 64 8 84 74 99 35 54 5 68 74 55 40 3 90 84 63 61 85 30 93 22 46 81 94 11 33 56 73 67 34 20 72 17 53 6 59 67 76 
93 13 22 93 63 21 80 78 29 53 95 63 28 29 65 31 5 99 75 6 87 8 61 53 80 6 58 14 77 8 46 61 53 59 21 94 37 41 38 76 46 94 94 36 53 42 44 86 77 5 31 98 53 41 81 57 100 7 49 31 1 28 86 35 27 44 84 27 58 95 14 79 27 51 27 30 82 15 62 42 55 99 15 57 58 33 71 79 17 91 8 29 47 70 51 74 61 27 7 35 
67 59 22 37 32 4 55 33 66 44 9 61 60 85 62 66 25 38 90 33 63 55 69 31 81 15 31 32 87 84 64 96 7 47 83 67 29 53 31 88 43 77 76 60 4 37 56 39 1 31 5 22 61 55 94 69 91 10 57 1 37 61 36 25 35 88 97 44 23 95 54 65 93 58 11 58 66 28 14 88 77 79 50 4 10 80 12 28 95 27 94 50 6 63 1 99 8 33 77 9 
64 56 15 91 92 41 47 46 55 67 75 97 22 53 13 17 16 42 30 3 4 9 60 96 21 29 25 96 44 58 50 89 16 81 38 13 9 57 97 64 78 71 69 23 52 56 84 49 99 31 94 45 55 48 83 68 15 88 19 72 91 56 27 83 53 38 96 50 59 84 3 78 85 68 48 17 88 1 11 77 1 37 93 92 85 98 99 44 24 88 68 24 91 27 68 81 93 82 48 28 
16 95 55 24 77 50 56 86 35 76 46 46 97 96 83 53 71 70 77 94 92 73 6 53 43 1 13 96 52 3 77 91 31 79 7 46 71 82 32 59 42 79 5 93 99 94 57 20 85 73 69 53 3 39 20 87 49 49 17 64 43 34 35 82 96 21 9 49 7 63 47 66 14 83 43 27 43 83 81 66 54 98 8 48 47 80 93 7 53 28 78 95 86 81 14 11 69 33 18 79 
53 93 90 93 38 7 47 90 48 11 25 38 91 49 14 52 89 67 4 35 43 3 33 88 95 49 33 66 31 70 54 39 86 96 87 96 88 31 31 12 54 35 10 73 79 72 2 71 30 16 87 19 27 95 69 88 72 47 5 74 27 52 81 34 75 48 80 69 31 52 48 27 68 71 13 59 74 27 23 72 1 48 63 93 38 19 53 36 28 99 44 52 27 54 21 90 24 59 27 50 
95 12 10 7 85 78 35 35 97 51 75 62 23 25 72 54 10 1 73 9 25 65 50 21 61 92 60 8 77 36 77 95 9 42 45 79 78 36 38 92 64 40 81 14 74 97 16 58 82 64 46 21 32 82 62 24 42 9 84 38 52 88 65 21 79 67 61 7 85 45 8 18 98 23 16 82 13 47 43 100 99 42 76 67 28 83 13 56 82 5 83 59 1 7 61 22 68 87 90 67 
91 53 76 23 51 61 54 2 29 91 34 44 31 41 36 64 67 2 41 97 34 61 42 63 74 33 22 76 7 74 36 97 4 69 71 89 62 87 94 29 93 42 40 25 84 14 32 91 11 84 26 81 15 74 18 68 8 87 4 66 38 68 96 19 27 58 76 18 52 61 68 16 69 88 91 26 98 32 7 31 5 20 19 70 55 23 28 64 67 35 49 98 32 98 57 31 72 65 18 84 
42 19 38 80 8 28 33 51 83 99 100 55 74 52 78 83 48 11 57 18 67 54 69 55 85 40 95 51 47 29 99 97 46 30 52 42 72 77 71 96 71 3 82 82 90 17 23 87 34 35 99 45 82 17 56 20 100 52 64 29 32 52 7 35 46 57 6 38 36 17 38 65 15 99 95 88 71 74 88 49 60 61 54 54 78 31 68 35 58 88 77 26 32 44 95 11 85 70 29 95 
13 25 89 84 27 65 3 43 83 53 94 68 77 94 56 42 15 44 65 61 16 48 69 47 87 69 77 97 82 38 62 12 98 93 34 88 56 50 53 72 75 73 96 60 75 61 36 86 46 34 39 36 20 85 61 26 30 44 70 31 74 76 62 6 71 70 19 45 68 59 76 67 43 63 72 27 24 24 75 79 62 99 81 63 41 34 37 10 74 11 85 90 39 14 27 78 6 58 30 58 
29 10 79 14 67 32 74 62 48 46 45 36 27 27 82 95 69 15 45 4 2 45 86 26 75 56 59 56 79 5 80 45 6 4 40 16 37 10 70 69 1 28 37 78 12 11 6 89 54 30 28 57 41 62 3 37 44 17 3 92 11 72 77 83 74 95 84 30 15 13 58 88 29 82 81 11 43 55 84 75 55 87 2 20 37 47 27 31 83 92 24 94 2 67 68 60 65 53 31 74 
32 49 45 39 42 47 24 24 12 88 38 67 7 77 53 46 12 26 18 83 37 83 38 57 35 28 81 79 60 56 28 31 92 16 9 78 74 51 26 88 13 1 97 94 23 96 62 34 37 9 18 38 64 94 59 45 24 47 61 62 52 87 76 76 45 23 66 32 58 77 55 3 79 34 41 28 89 40 81 98 98 41 1 32 37 64 48 42 33 33 22 58 91 39 31 99 14 54 77 69 
28 45 14 7 94 41 81 95 83 87 48 63 84 13 4 53 56 90 86 10 96 72 79 21 54 15 87 69 55 60 66 24 52 79 69 39 72 44 76 43 7 91 54 41 43 46 48 89 38 6 34 44 40 80 50 83 79 90 68 53 41 29 27 31 61 70 85 32 4 97 59 16 40 27 39 73 69 44 2 63 58 89 56 97 90 100 17 61 52 80 2 7 90 31 95 95 41 91 89 87 
92 18 91 67 6 23 37 1 37 8 14 89 38 52 91 51 82 78 47 14 14 92 72 74 61 83 85 29 28 60 85 19 93 62 12 55 90 35 84 60 56 47 94 69 69 83 3 44 71 55 53 49 36 23 17 35 48 14 13 30 60 30 92 20 18 41 85 52 28 81 90 1 62 5 83 86 48 30 69 13 70 99 45 34 17 96 80 34 36 98 82 56 2 77 55 95 11 48 9 66 
65 25 7 33 84 98 100 94 53 69 89 65 52 24 59 40 49 59 14 73 66 41 82 66 33 6 27 34 27 81 53 65 36 55 71 50 34 52 18 34 32 67 78 77 23 64 57 93 42 23 32 27 97 93 23 80 44 45 29 46 84 37 25 29 18 91 96 55 81 48 94 49 81 88 34 44 72 24 73 96 29 46 54 7 39 14 59 91 82 57 96 5 83 5 77 29 28 51 80 7 
70 61 54 84 88 88 79 32 57 65 20 78 79 2 13 65 9 12 55 42 43 38 92 37 44 91 92 35 83 27 37 81 12 45 25 86 64 72 62 1 45 86 45 29 19 21 6 70 29 88 31 17 87 10 7 89 95 24 36 99 88 4 45 26 45 82 15 92 65 53 79 50 22 21 13 56 73 95 27 31 65 56 90 21 24 20 12 31 57 42 95 23 64 12 50 87 88 59 69 21 
34 24 1 31 83 94 75 58 55 29 35 84 78 27 85 37 19 54 66 69 78 29 50 14 70 22 60 20 49 4 55 79 38 87 42 54 38 16 92 2 92 18 53 1 93 83 30 3 41 90 82 15 97 71 41 88 79 56 16 34 5 85 1 65 79 11 44 55 47 59 27 68 13 5 60 4 3 96 13 13 70 30 62 5 80 53 42 79 40 66 65 24 66 40 89 46 55 48 41 29 
36 13 47 89 80 92 68 9 26 78 82 20 39 78 53 3 20 93 78 85 15 13 30 4 47 67 77 6 64 7 79 77 2 42 52 66 24 33 85 75 79 98 46 60 92 60 84 84 26 49 54 3 95 3 84 64 28 29 60 38 84 70 94 71 1 81 46 99 97 31 62 96 89 96 77 42 4 32 96 100 10 20 28 8 12 51 31 19 24 35 46 73 50 55 50 4 49 50 45 89 
87 28 70 69 22 84 21 13 80 20 90 32 70 2 24 32 95 53 50 51 54 7 94 94 91 16 86 61 27 49 85 78 32 100 72 85 4 68 8 96 60 88 100 18 46 91 95 93 80 66 36 98 57 66 64 57 58 46 22 74 31 8 7 9 14 49 90 63 39 98 19 84 68 65 79 12 34 36 17 43 80 96 36 70 10 7 26 79 59 3 28 24 92 80 77 59 20 87 33 77 
37 34 65 9 32 4 76 13 11 41 89 79 16 41 95 18 73 39 46 52 26 21 92 38 70 74 43 99 24 95 11 35 29 74 38 22 23 25 10 82 82 77 19 57 99 94 54 8 99 4 92 87 68 39 72 5 21 97 62 56 15 62 13 65 55 56 83 67 29 78 58 79 77 97 1 79 29 79 15 85 60 29 33 86 55 54 52 57 72 93 83 52 68 61 85 18 57 5 89 74 
25 53 26 97 34 87 21 84 75 79 76 56 90 4 18 88 62 37 2 82 20 64 39 30 56 85 39 53 74 24 89 30 54 36 20 24 62 66 40 92 24 27 67 92 77 40 1 9 90 60 37 94 16 52 26 5 20 98 24 98 99 31 10 19 68 54 65 91 20 65 76 86 97 60 9 41 35 93 49 32 72 81 48 42 12 37 69 13 31 74 23 57 9 83 46 32 94 60 5 60 
64 40 37 13 23 52 8 6 12 8 81 70 24 22 91 98 53 44 91 35 9 17 77 34 75 24 92 83 87 21 29 45 45 97 100 16 55 3 94 4 85 67 4 49 18 71 9 49 63 71 93 10 23 23 14 5 67 56 22 28 10 64 73 97 33 73 60 52 19 89 87 39 6 28 23 91 37 67 69 11 58 56 86 76 28 22 1 30 34 100 63 1 6 81 95 59 18 16 90 58 
39 58 13 43 13 79 61 68 94 88 34 44 73 26 26 1 45 46 97 72 77 85 78 66 53 8 36 44 56 12 14 98 19 88 24 6 41 9 80 18 37 53 90 24 16 74 66 93 13 73 84 27 30 100 80 33 76 62 76 64 97 58 48 70 30 40 12 6 2 99 19 73 96 13 91 4 47 19 35 55 60 77 5 30 70 50 24 78 87 90 84 7 90 46 58 71 87 99 97 80 
49 45 82 2 16 76 26 71 97 77 94 97 37 64 11 52 33 5 68 49 28 73 72 3 2 15 13 26 40 6 13 51 14 76 62 81 68 45 27 10 34 31 93 4 69 2 15 19 93 63 11 82 12 26 70 25 40 13 77 95 25 16 3 14 98 37 91 47 43 66 59 64 50 88 87 84 90 58 78 38 90 63 38 17 83 30 76 21 98 30 19 23 57 11 77 100 43 50 82 61 
90 24 93 95 42 2 33 35 64 69 36 96 84 23 75 37 81 48 72 55 93 46 18 44 83 73 46 91 39 3 36 47 97 69 68 73 68 24 18 72 15 49 17 54 23 69 7 63 56 4 17 34 44 45 73 89 28 31 27 19 80 75 63 90 53 90 42 78 18 86 69 50 87 81 14 87 74 5 73 87 4 98 64 15 51 34 58 79 33 58 73 83 75 51 61 79 49 64 90 58 
3 27 73 93 2 14 88 53 15 11 26 55 61 67 80 52 30 27 43 54 1 49 18 39 79 85 98 75 28 98 64 42 100 25 98 64 15 11 63 41 73 82 70 6 52 85 13 78 43 27 27 11 2 50 70 68 72 10 27 24 97 26 88 2 13 69 47 12 10 25 37 89 66 32 65 99 4 22 88 49 45 16 31 40 66 22 56 84 12 72 15 77 65 25 78 47 96 2 47 73 
73 24 73 77 52 31 66 71 8 14 77 28 17 9 12 41 6 78 79 8 98 58 100 9 79 83 8 96 24 33 4 67 48 25 4 25 64 87 60 6 11 33 94 22 24 82 94 68 46 79 12 41 19 96 83 95 56 91 72 63 28 77 92 86 33 89 56 70 81 21 98 65 11 78 55 32 58 87 3 5 96 30 6 4 70 72 4 21 90 76 91 58 78 3 97 47 82 33 9 55 
57 51 30 33 83 64 93 13 40 13 68 98 25 98 68 46 67 1 17 13 85 90 42 64 86 70 27 31 55 23 19 73 46 5 29 53 14 8 73 68 40 62 59 70 91 54 39 55 76 67 77 60 66 79 9 1 67 80 64 3 98 67 84 44 63 60 53 29 38 93 83 93 42 14 9 67 19 100 77 15 14 85 67 92 73 42 90 68 71 55 70 69 35 85 6 82 47 72 64 44 
98 52 51 20 18 1 89 14 46 62 48 76 62 86 28 10 92 62 52 8 39 86 48 14 11 72 65 73 18 100 8 97 2 56 52 5 64 27 71 49 58 40 1 45 61 34 92 6 15 94 79 76 39 23 20 37 36 48 2 32 84 15 71 38 61 82 59 17 2 85 63 32 31 5 10 67 93 35 39 52 44 4 90 51 26 73 17 43 23 23 67 40 61 39 66 92 43 37 6 74 
10 54 16 99 34 64 14 63 42 39 49 89 80 74 6 86 44 7 64 83 29 75 70 78 74 74 12 58 35 68 61 82 17 38 96 55 45 12 61 32 4 83 75 88 1 3 58 78 80 21 4 96 97 46 72 24 75 94 51 11 82 74 75 38 28 76 53 27 83 61 26 67 53 89 24 76 22 23 50 15 50 44 14 97 89 14 25 16 77 96 47 20 93 8 66 56 96 63 41 41 
12 57 26 99 40 20 20 83 49 18 78 38 56 51 1 75 12 24 8 59 43 63 98 9 75 91 8 21 99 7 53 92 99 23 77 93 72 41 78 9 41 65 63 43 52 80 67 69 22 46 43 19 34 82 45 18 72 36 54 36 83 25 56 74 94 29 96 90 28 72 34 16 71 70 12 13 53 31 46 93 15 61 21 20 87 81 92 79 99 83 81 24 70 88 92 13 55 37 9 22 
52 3 98 18 14 5 74 4 89 8 18 9 58 48 69 68 33 48 70 21 68 93 27 85 12 71 59 39 82 86 1 8 39 92 50 35 97 56 4 10 40 48 83 83 91 4 55 4 93 94 52 86 39 10 19 81 45 51 10 90 85 54 9 84 70 82 67 84 80 87 80 43 46 32 5 72 73 9 99 68 40 60 91 14 56 14 95 17 46 71 72 79 30 86 72 40 31 65 34 13 
79 30 15 96 9 19 51 44 86 52 35 67 80 10 16 70 9 32 5 83 2 95 80 71 62 83 67 67 100 10 34 85 64 25 7 6 98 18 55 75 13 28 77 57 59 30 61 94 30 11 39 58 38 79 83 84 90 81 66 45 79 34 17 73 63 70 94 79 57 31 97 48 35 64 74 29 19 37 61 3 32 11 38 24 38 14 35 68 97 5 66 34 52 32 95 94 53 58 90 84 
55 63 4 26 6 79 6 20 89 51 37 72 5 54 24 31 32 28 39 74 96 9 76 49 7 5 23 43 22 34 3 27 95 43 18 21 55 1 12 35 75 89 95 67 74 78 91 57 18 38 60 88 38 21 91 63 63 48 78 72 100 100 12 34 88 77 4 66 23 50 54 26 3 77 9 41 3 49 66 47 90 95 73 79 25 42 31 1 61 68 17 69 32 29 42 82 78 36 48 42 
16 57 1 78 20 100 5 3 14 51 20 89 48 97 78 22 60 94 67 85 24 14 57 66 46 26 60 18 47 7 36 75 60 45 56 63 40 74 55 95 63 78 45 9 25 74 84 36 91 77 64 92 25 37 54 38 27 6 77 15 70 94 79 86 54 93 91 52 85 60 12 44 36 90 83 16 91 12 63 75 81 46 53 56 14 40 28 61 48 46 42 99 31 22 75 41 23 78 24 46 
44 34 42 4 25 42 81 61 22 78 1 23 38 97 93 22 65 45 4 85 39 42 51 75 83 88 64 64 8 59 33 10 32 59 98 70 59 58 1 65 59 81 59 83 11 3 29 80 8 91 9 12 79 72 16 76 60 21 11 46 99 91 52 30 29 96 84 43 71 58 64 50 34 20 80 19 77 22 10 11 83 68 98 5 12 98 49 89 22 75 30 81 59 61 26 42 9 56 93 53 
96 92 49 58 38 76 22 48 41 53 40 99 23 10 58 77 7 25 52 25 40 10 11 97 44 67 59 13 22 36 41 99 57 21 28 91 99 11 44 30 85 14 58 70 69 85 79 29 81 97 91 93 90 87 55 60 97 43 80 28 31 38 88 65 59 75 19 51 10 46 53 44 5 22 95 94 36 20 1 52 49 22 8 6 75 4 37 17 77 95 89 33 43 14 53 93 44 93 100 87 
91 38 8 12 57 19 83 48 84 19 54 26 22 88 75 42 29 19 74 72 13 66 13 80 61 63 42 76 100 84 16 72 16 89 78 37 60 62 55 76 21 95 100 65 72 30 48 7 31 35 93 11 50 13 68 35 21 63 55 4 80 89 49 85 82 18 58 42 58 63 98 96 71 97 50 48 75 28 3 78 21 28 14 16 35 21 40 95 55 80 86 41 37 51 4 8 26 2 89 38 
77 96 56 82 54 58 41 96 87 76 22 28 81 19 46 77 19 55 59 86 38 8 32 82 44 36 22 33 93 91 29 22 21 31 58 9 63 15 37 76 21 74 35 69 38 5 96 44 59 9 41 24 52 86 21 50 25 99 59 28 68 73 3 14 53 66 50 30 41 16 39 22 71 28 86 98 2 80 5 2 88 46 47 98 11 57 30 60 95 29 43 37 78 10 71 26 57 53 5 1 
46 80 81 29 64 6 6 3 65 70 53 17 36 50 28 79 86 9 82 95 44 25 58 89 70 92 46 24 41 81 57 83 34 40 94 53 59 29 38 61 83 92 18 68 37 46 84 82 88 1 26 80 61 39 48 25 46 25 62 90 37 31 10 61 76 34 96 37 65 48 15 22 81 74 68 96 22 24 50 36 17 10 94 64 86 82 84 57 54 72 2 98 14 12 59 94 85 27 95 23 
49 42 98 96 32 49 89 29 39 86 33 17 47 13 100 95 37 31 8 48 80 48 55 80 85 58 65 38 47 70 11 38 84 81 58 65 98 73 6 77 35 100 69 16 94 74 82 74 61 61 85 75 2 26 31 24 95 56 66 74 58 19 1 23 84 45 71 59 86 31 45 22 54 63 6 8 69 50 95 81 3 20 2 98 17 63 54 62 55 26 69 23 46 29 72 64 64 85 63 11 
84 85 39 76 13 67 95 52 98 41 12 46 54 98 45 16 84 44 38 3 69 69 71 38 91 19 63 25 34 82 45 25 8 96 43 58 12 3 16 58 44 9 60 32 85 90 59 5 51 69 47 100 75 69 73 91 53 50 50 57 33 36 50 28 64 56 82 65 90 23 98 95 25 14 68 19 86 32 35 14 98 34 75 20 25 74 36 63 40 20 51 53 52 100 73 34 15 76 54 3 
77 47 49 6 75 85 2 70 89 85 61 68 81 76 3 44 24 32 16 2 76 69 32 53 3 2 78 70 94 3 28 69 12 58 62 81 99 6 72 21 21 21 5 55 42 2 69 44 51 79 96 46 99 51 76 13 76 24 10 69 90 45 77 80 22 11 85 94 53 55 42 16 21 10 84 47 79 39 22 72 28 19 35 56 81 30 1 81 95 97 100 55 51 33 78 89 64 66 39 34 
8 31 20 27 90 53 22 62 33 47 56 32 83 66 21 9 87 26 21 89 99 5 4 70 7 65 81 40 49 34 21 16 38 85 4 65 48 90 88 58 5 96 24 9 50 27 44 47 83 19 87 61 69 61 67 30 88 67 98 43 10 14 83 42 25 3 60 71 44 54 13 45 99 92 75 13 75 14 59 99 13 95 76 7 55 8 46 40 37 73 26 23 83 42 97 49 70 33 91 81 
25 34 44 42 41 76 5 19 88 99 58 39 54 3 80 20 71 73 71 38 24 10 20 88 75 29 64 71 17 16 81 80 34 94 43 78 4 52 34 18 18 99 19 78 19 4 35 81 53 25 42 66 85 83 72 84 56 41 66 8 36 41 82 48 57 53 80 18 70 2 68 63 93 14 92 71 22 41 79 14 80 83 81 89 70 71 18 13 2 14 73 6 15 85 53 46 28 80 86 63 
95 78 5 68 13 34 7 36 16 7 85 61 22 93 54 77 51 32 52 44 43 97 47 2 80 67 50 45 14 83 53 92 3 92 4 24 17 78 77 100 89 24 71 77 77 24 62 73 89 35 89 30 17 49 78 97 90 85 14 32 66 46 98 13 95 6 13 70 95 1 26 37 18 64 44 97 9 90 59 98 12 26 79 25 89 50 41 21 58 36 32 19 25 23 29 91 96 29 24 4 
97 88 50 12 59 88 57 38 11 75 58 42 43 43 35 64 32 5 43 73 79 37 13 98 10 22 55 46 2 3 79 91 82 26 10 49 51 54 85 40 67 20 67 38 96 93 7 86 56 12 21 14 87 24 19 21 83 98 5 56 91 62 94 15 55 64 11 54 36 69 94 24 79 49 49 6 3 89 42 39 70 21 27 85 95 68 65 46 74 36 13 16 59 5 76 55 80 4 11 22 
4 86 53 35 77 11 16 75 66 25 39 5 88 10 91 26 4 62 6 86 20 13 65 72 3 19 16 12 55 99 55 21 14 63 5 8 25 26 70 99 44 83 60 27 2 55 30 67 77 8 7 56 81 3 70 54 1 2 6 49 30 50 31 98 85 80 95 50 18 91 26 87 99 36 50 60 47 53 73 58 40 75 40 71 61 9 13 65 44 51 97 59 44 10 13 75 29 19 71 65 
39 98 85 85 14 96 91 29 26 50 22 59 34 19 31 57 27 89 92 53 49 85 84 71 96 53 54 46 58 83 69 9 82 1 26 94 15 93 41 98 64 1 39 28 16 57 66 93 99 19 40 12 30 50 42 15 21 78 13 74 76 75 38 90 53 37 59 23 98 96 86 23 2 85 77 20 17 50 60 46 20 66 64 66 46 44 76 95 72 90 79 98 58 59 41 48 74 83 21 31 
94 14 95 18 11 30 39 94 97 37 50 65 7 80 86 52 94 81 66 15 82 11 57 45 64 1 29 40 79 97 98 16 50 64 25 19 34 61 44 78 42 91 38 6 15 17 79 93 45 93 98 41 56 54 78 71 23 86 94 49 11 42 6 1 67 100 87 91 69 100 84 94 30 85 64 33 38 75 95 68 13 48 59 57 100 55 24 97 38 39 17 91 10 27 76 58 29 37 56 71 
56 53 93 27 23 59 62 32 62 3 44 16 52 29 47 1 54 96 21 19 18 73 62 51 65 30 71 89 43 36 8 9 38 65 81 72 50 13 48 88 95 93 1 4 67 21 82 27 52 11 14 26 93 92 13 52 11 2 99 74 61 74 35 89 48 69 87 26 100 82 6 71 11 25 97 39 83 23 33 46 90 3 80 53 90 35 3 57 67 6 25 11 99 27 52 49 86 64 39 1 
57 82 34 27 74 67 74 35 46 68 88 40 61 52 27 24 51 39 69 90 91 77 6 90 44 70 61 65 30 3 11 26 61 66 20 18 9 99 37 76 62 9 4 32 19 35 94 26 69 83 91 64 44 8 74 49 36 39 64 85 5 40 89 4 39 99 36 67 3 91 73 84 96 43 25 4 90 3 41 86 99 53 17 22 38 62 79 49 78 68 23 34 15 60 61 65 72 100 69 39 
96 16 21 70 13 48 18 46 6 89 89 72 25 7 59 79 81 81 43 4 36 34 28 20 48 91 68 59 30 53 95 54 54 18 33 98 56 18 5 90 39 74 96 68 79 16 71 80 73 93 14 87 50 35 94 82 24 4 51 13 30 40 2 36 45 9 65 7 80 28 22 10 72 67 85 39 82 78 32 70 8 82 30 81 68 92 9 47 91 61 13 57 25 85 40 82 24 97 28 42 
1 39 16 45 48 21 86 45 64 10 13 90 33 43 52 40 47 46 15 87 5 72 76 84 74 64 89 68 69 27 62 8 99 38 66 22 10 65 69 10 15 84 77 58 71 13 72 5 20 20 56 43 79 66 69 14 27 88 4 86 32 4 79 9 69 85 91 86 38 57 19 7 69 97 96 28 67 85 4 96 38 40 24 19 89 34 96 100 48 62 87 72 84 48 44 59 15 66 20 46 
50 54 18 8 68 51 78 28 5 38 30 72 50 73 35 16 65 33 100 24 30 100 28 86 38 100 42 83 31 98 97 81 14 88 53 28 89 57 47 78 97 65 99 91 15 56 100 52 47 97 80 5 16 89 40 70 10 1 9 42 47 72 82 32 69 70 41 54 97 60 28 19 29 38 82 90 46 12 28 82 97 86 95 47 45 10 75 53 52 54 17 70 54 83 30 46 6 33 32 1 
15 95 30 56 79 35 100 37 35 61 19 15 35 67 24 14 28 88 63 31 63 61 88 64 60 51 46 73 42 100 29 72 96 87 32 76 56 64 13 97 62 71 85 97 50 52 18 16 13 41 52 8 9 77 54 46 26 41 78 95 10 37 84 95 27 33 56 78 34 47 13 10 28 30 1 10 50 82 7 30 19 90 45 2 29 2 15 67 68 69 75 62 66 97 35 63 52 25 15 5 
78 2 90 65 56 16 96 17 35 61 84 48 64 1 15 19 5 61 60 88 48 52 68 97 82 5 87 99 66 56 77 12 27 28 9 26 24 66 55 56 7 32 30 34 60 38 53 95 42 25 40 74 34 68 68 62 70 93 83 1 18 77 68 75 82 21 25 89 85 21 4 73 71 63 91 59 36 76 8 46 45 32 40 44 46 88 70 64 61 69 34 15 46 24 76 22 11 28 79 15 
1000
11 11 81 44
77 33 97 33
1 47 65 98
24 5 65 83
70 34 87 52
6 16 97 51
35 35 95 39
16 21 50 91
26 21 80 23
28 4 53 77
32 38 62 100
57 24 82 51
29 11 90 44
86 62 88 93
62 45 85 68
41 10 75 38
16 93 47 97
2 45 20 58
59 30 93 53
8 25 57 96
18 17 24 60
11 34 96 42
30 36 96 100
3 19 77 31
1 3 49 20
37 71 75 91
49 31 78 84
34 21 55 33
54 18 71 70
14 63 20 68
5 27 19 82
48 7 89 15
39 19 50 41
64 1 82 36
67 5 94 58
50 94 66 97
54 65 88 83
24 7 61 91
16 19 86 97
28 23 41 76
69 43 71 98
45 1 86 8
53 75 95 94
14 72 37 99
50 66 93 76
7 65 50 86
46 37 47 60
17 27 17 95
3 44 52 99
71 2 78 52
5 32 95 88
10 19 53 48
6 67 84 93
18 38 22 86
68 12 89 15
49 60 65 76
13 10 49 23
31 45 39 95
19 8 52 17
27 34 79 56
6 86 98 97
36 34 95 85
16 64 70 97
23 44 37 62
34 10 61 74
62 75 68 87
22 33 33 96
94 60 95 71
5 44 48 86
46 16 56 52
82 47 98 83
81 12 89 39
49 35 74 65
19 8 66 84
8 9 43 78
3 56 97 67
3 71 70 74
6 29 34 69
4 54 66 93
17 46 57 99
50 15 66 23
27 20 80 61
2 46 94 85
21 91 79 99
21 10 61 84
53 45 53 81
2 29 75 99
31 68 52 71
33 24 90 77
74 10 80 63
18 8 81 12
62 32 84 52
25 42 28 79
4 49 82 62
26 10 60 70
42 83 79 92
33 29 95 57
11 17 70 73
37 18 49 55
20 29 70 64
38 1 88 98
26 1 50 95
1 47 94 50
16 71 68 92
27 18 91 71
84 36 85 57
41 44 70 58
13 27 78 53
32 16 60 62
29 6 75 9
40 30 59 73
37 71 46 73
2 55 21 100
8 57 50 96
3 27 65 42
64 11 78 19
39 43 78 58
3 49 91 92
48 18 65 49
30 16 75 75
35 6 60 36
7 16 88 26
5 44 52 92
43 40 84 93
63 35 97 85
20 24 53 27
20 22 72 33
40 31 90 98
60 61 84 91
3 52 11 92
42 5 88 79
35 48 56 78
22 82 23 97
61 35 84 46
15 17 57 43
32 40 81 74
4 17 43 48
59 7 62 90
23 68 58 85
58 40 80 79
33 23 98 31
38 30 48 94
28 80 100 95
13 31 34 55
40 61 59 73
30 77 91 96
60 7 83 13
48 11 96 41
39 27 49 94
18 21 83 66
46 20 52 54
22 40 44 52
1 20 64 49
45 14 95 28
81 5 83 90
19 92 33 93
54 32 61 91
27 5 32 31
32 29 60 44
28 70 96 86
21 36 23 38
79 43 89 66
20 18 62 21
7 41 11 69
43 7 62 80
16 43 73 94
20 11 98 61
27 49 94 69
33 68 86 85
36 1 84 34
66 4 91 67
20 59 37 81
90 25 90 42
13 6 28 99
6 5 55 96
16 15 53 75
47 34 82 50
49 9 50 63
6 9 44 64
32 25 73 41
34 23 82 90
55 72 72 100
15 2 77 78
8 86 72 99
1 65 30 88
14 27 75 61
9 60 48 89
59 27 83 55
1 8 33 36
6 32 48 88
52 18 75 74
29 36 89 67
26 8 82 74
21 11 92 80
96 3 99 66
42 39 95 79
9 43 74 73
60 90 60 94
52 1 87 85
65 10 68 65
16 41 55 49
29 23 89 24
16 37 25 79
5 9 76 37
15 13 44 49
8 62 85 88
88 40 88 44
30 59 39 81
30 16 48 28
66 59 76 92
48 43 76 66
54 23 86 63
27 12 95 68
22 13 33 97
85 20 99 84
56 19 67 83
17 86 67 90
65 34 80 77
20 51 39 72
13 53 78 86
7 36 10 45
3 3 55 39
50 41 76 41
5 46 75 95
28 16 36 27
69 4 98 99
82 48 92 52
10 57 14 85
19 3 46 51
35 61 73 70
42 51 64 60
6 39 60 66
6 69 81 95
10 69 30 84
61 7 85 54
14 17 80 89
30 47 59 70
5 61 94 64
40 3 86 6
12 40 41 53
17 82 97 82
45 58 78 83
34 52 97 95
23 5 62 31
13 13 17 93
86 43 97 81
12 72 56 86
73 6 83 73
62 17 65 73
42 9 85 51
6 58 31 94
15 5 84 51
70 30 74 91
25 63 42 96
54 46 62 92
57 21 81 38
43 29 71 56
16 27 26 75
33 18 57 72
55 28 82 36
41 4 90 95
16 71 79 75
53 97 71 97
87 66 98 71
2 4 56 43
61 10 91 34
51 23 58 58
18 89 79 90
54 37 81 91
36 38 97 98
18 18 54 37
22 25 91 79
93 88 93 96
38 44 75 54
44 12 56 51
52 70 86 85
56 42 60 70
50 55 59 99
6 11 81 89
2 10 65 77
77 37 95 61
14 36 29 40
1 24 20 59
89 20 95 20
32 39 72 79
2 56 66 92
2 60 95 71
58 46 96 57
72 49 76 59
9 77 94 86
19 50 63 61
66 15 78 83
2 81 9 85
33 2 89 32
67 61 81 66
69 64 74 84
1 20 74 39
2 15 21 16
41 8 50 50
45 7 80 51
27 56 61 79
10 6 10 29
4 54 99 54
26 72 33 86
28 40 79 54
41 10 95 82
21 68 68 70
33 90 39 97
54 42 73 54
74 78 83 91
46 19 72 54
58 11 84 64
54 12 84 53
10 5 47 93
77 18 87 69
57 19 89 100
33 44 47 56
7 22 9 99
53 26 89 58
43 33 82 54
50 6 88 16
42 31 67 31
22 23 59 54
14 32 47 79
39 15 61 19
10 16 98 42
5 50 10 55
34 94 59 95
72 4 91 4
71 10 80 36
8 5 68 79
54 72 59 73
57 76 93 81
80 45 96 100
27 63 89 87
19 67 62 93
22 57 24 59
44 68 94 80
46 8 53 59
5 1 61 61
54 23 60 94
37 19 73 41
47 9 54 19
56 15 74 64
16 35 55 78
30 27 31 65
15 20 97 56
41 38 84 76
56 40 70 75
11 19 37 26
28 92 65 95
12 32 41 87
62 13 63 85
17 30 75 33
50 3 97 28
13 67 20 95
22 28 93 100
36 69 39 76
3 34 73 93
31 48 60 69
42 5 87 19
52 41 88 63
75 10 80 60
8 9 40 31
31 25 90 41
27 23 57 67
6 14 27 82
16 16 35 45
13 13 16 98
53 34 98 36
30 20 90 51
37 28 98 67
23 96 60 96
52 21 69 35
29 3 41 16
43 90 46 100
32 50 100 87
21 5 31 30
69 52 96 55
34 54 88 67
76 22 100 83
83 22 89 75
2 10 72 41
11 6 85 42
25 3 59 36
62 36 80 78
44 16 97 40
25 3 54 37
21 7 37 25
11 25 50 62
39 35 62 100
41 24 52 58
47 9 70 34
40 62 92 83
32 39 76 73
4 44 32 92
11 25 27 97
2 57 78 86
26 36 80 81
61 37 96 97
70 35 84 51
79 44 83 91
76 7 78 92
6 20 73 62
55 65 93 86
21 51 39 99
31 41 89 54
40 8 43 39
69 67 89 85
37 49 94 100
4 14 12 84
54 19 64 73
24 31 49 82
6 71 84 72
81 89 93 99
20 31 38 71
7 37 99 79
38 31 57 62
13 45 31 79
19 30 92 38
28 70 34 93
42 17 49 64
50 73 97 81
5 28 34 45
6 17 75 95
28 2 34 11
57 56 89 75
47 64 82 81
37 61 89 93
48 9 90 10
15 33 88 84
10 49 25 93
58 39 84 89
10 46 100 99
59 85 62 86
51 56 83 56
12 86 42 90
13 16 16 80
17 70 64 98
15 29 60 72
44 4 100 43
62 38 85 63
29 14 43 46
94 28 96 80
73 63 83 74
15 26 34 77
17 27 98 49
48 16 70 46
14 3 56 33
3 43 11 48
16 30 53 66
18 52 44 77
65 46 91 93
4 22 29 69
26 49 90 95
61 27 90 53
61 16 93 64
67 60 73 73
69 59 69 96
86 16 88 100
39 7 89 72
40 80 69 99
19 63 24 99
66 38 70 65
57 57 58 77
21 18 43 56
3 66 6 81
12 6 65 42
64 49 88 89
32 52 58 87
16 17 90 75
30 10 59 63
42 60 76 79
49 12 84 71
26 69 31 80
39 9 60 87
20 15 47 71
79 12 85 61
2 17 72 69
44 46 51 85
11 27 98 39
82 28 93 68
6 15 44 68
50 37 99 62
38 9 40 29
6 52 25 76
16 28 83 44
12 50 74 85
2 16 61 19
17 10 97 42
40 31 90 64
50 66 71 68
6 81 49 82
9 20 18 20
42 57 68 86
22 5 37 19
33 70 87 80
10 63 63 67
57 71 72 81
22 87 90 91
29 6 33 82
22 3 28 50
48 46 49 56
6 45 80 93
16 15 55 45
55 40 86 80
27 20 29 59
45 12 69 69
84 4 90 67
45 37 82 73
98 16 98 49
34 45 81 52
19 78 33 89
2 3 91 10
13 17 53 96
51 58 64 62
7 14 85 97
4 53 83 95
55 31 72 95
32 22 35 54
39 62 53 95
11 87 18 98
6 39 99 53
20 7 31 12
38 66 46 67
52 30 84 69
1 68 58 87
32 21 76 78
52 7 87 37
32 78 87 90
8 97 28 97
55 27 59 72
18 51 55 69
38 3 71 74
16 1 38 80
64 5 78 34
7 75 26 78
9 39 30 63
27 45 73 94
18 2 34 9
56 63 81 67
24 32 51 32
69 20 76 45
67 21 82 75
73 15 79 57
26 32 65 37
8 39 76 91
23 79 75 86
9 36 100 44
15 5 21 70
41 3 66 16
29 67 76 69
37 21 82 27
2 20 51 74
57 7 95 46
47 3 80 39
8 73 22 100
10 4 38 55
14 59 98 86
84 24 87 28
63 11 97 60
51 16 70 17
37 67 63 100
39 23 79 69
52 24 58 80
3 17 74 87
91 18 98 90
20 36 30 95
1 8 31 59
58 77 71 77
24 13 49 40
47 40 72 65
92 24 93 94
16 59 54 90
1 35 38 60
89 28 95 86
33 13 36 37
29 15 61 97
4 31 66 41
55 23 88 60
57 31 91 56
49 51 88 77
60 41 83 74
25 12 70 92
48 39 76 74
14 77 66 92
43 39 94 87
47 4 78 61
2 49 17 91
1 14 84 71
44 20 100 42
35 5 78 10
66 30 79 34
24 40 54 43
39 36 60 94
5 12 63 88
17 93 97 96
20 50 94 83
41 46 72 49
28 49 34 72
24 56 57 63
73 58 76 66
5 32 68 51
26 58 89 83
13 27 64 99
4 57 50 57
10 40 17 47
77 14 83 53
57 28 60 37
4 46 71 99
7 52 14 53
57 65 99 74
21 55 73 85
11 11 56 77
42 36 72 97
48 56 51 60
58 10 91 48
5 59 43 64
62 11 88 54
3 26 86 75
51 24 94 49
5 22 84 37
60 15 100 97
11 8 97 98
33 22 51 86
40 8 67 90
11 27 66 32
24 4 67 38
79 80 94 96
74 13 94 92
1 31 2 95
19 31 33 69
10 27 46 100
31 77 57 79
56 7 60 87
43 5 90 7
72 7 87 68
47 6 84 53
6 54 51 57
37 2 51 76
35 74 54 91
51 18 98 52
2 18 100 90
34 28 48 63
8 7 77 34
47 77 56 88
8 57 42 100
6 4 89 51
78 16 97 85
25 57 42 69
33 33 94 45
41 10 89 99
24 36 100 48
23 22 83 57
82 52 96 91
39 4 79 66
5 22 19 78
60 75 96 94
41 12 80 72
31 96 88 100
5 58 57 98
26 46 96 57
5 46 44 77
78 8 82 24
5 47 57 61
2 32 66 95
66 23 84 34
19 89 66 96
43 23 59 43
22 33 86 87
15 79 86 92
3 1 91 12
17 17 18 79
90 46 100 64
35 60 83 81
75 64 86 64
6 1 79 12
17 23 97 96
12 4 54 24
12 63 94 81
26 27 77 40
70 1 77 79
8 43 19 91
71 81 93 95
23 22 35 98
36 28 53 30
24 54 25 73
30 6 93 79
16 37 88 88
38 26 58 83
13 66 63 85
70 25 75 41
32 42 85 94
49 3 78 65
9 52 72 52
32 58 42 82
2 12 80 26
61 21 94 26
51 28 63 88
9 5 52 19
61 32 79 59
24 74 89 74
65 6 72 79
9 4 51 82
53 60 82 95
17 9 48 89
80 25 82 69
35 45 83 68
20 16 29 66
31 19 39 37
5 80 42 84
38 31 94 49
30 15 99 17
62 27 99 54
60 59 91 89
13 54 98 75
26 17 98 93
55 68 58 70
69 7 70 47
9 3 70 66
55 36 86 44
48 66 48 72
29 3 97 8
42 1 66 70
41 98 52 99
2 44 28 82
11 45 46 59
88 81 97 94
24 39 87 54
29 32 69 96
47 66 91 68
38 17 85 29
15 41 100 87
4 37 65 67
22 61 23 70
2 39 66 52
13 11 41 36
43 32 72 38
27 45 82 90
73 75 79 82
5 56 53 82
27 22 34 23
9 19 69 48
51 49 80 49
41 30 53 93
14 51 72 95
9 14 48 46
68 42 79 49
48 16 73 61
27 21 57 34
55 13 85 48
78 9 89 49
51 17 63 83
23 14 52 65
65 39 89 93
35 41 90 43
78 72 93 76
55 26 67 87
38 82 48 96
34 22 80 77
46 45 79 99
9 5 42 100
6 18 18 39
41 6 46 92
29 19 81 81
17 3 97 59
38 38 77 50
52 52 89 65
38 10 81 82
37 15 99 39
82 31 92 46
11 21 48 49
67 35 82 73
51 50 53 70
41 4 86 16
37 52 65 81
26 39 59 51
71 84 77 94
53 10 60 93
22 65 34 85
4 31 40 57
32 70 36 100
49 3 86 69
53 62 95 66
31 51 94 61
54 47 68 73
3 56 86 100
57 60 67 67
59 69 94 92
43 53 44 67
42 22 55 85
38 41 42 47
5 16 20 93
35 33 58 80
21 43 87 81
72 9 95 79
48 3 85 99
39 78 55 84
52 2 77 41
39 7 39 80
75 81 88 87
47 5 90 36
46 19 85 85
89 55 89 81
97 26 98 70
29 58 69 58
61 45 69 59
45 13 71 43
15 14 45 17
71 11 80 73
27 11 94 20
55 29 76 57
34 71 86 83
43 6 87 35
4 96 4 96
23 69 54 90
72 9 93 32
81 48 87 95
37 25 68 52
1 33 37 45
66 28 99 38
1 47 33 55
9 59 9 69
46 32 92 56
35 38 74 82
31 37 49 41
8 13 49 88
55 36 58 63
81 6 96 86
44 68 68 93
46 5 48 29
50 39 74 77
12 27 79 42
8 54 12 85
9 8 61 56
11 46 43 65
16 73 57 80
41 83 41 98
36 17 84 38
13 87 43 100
31 52 53 90
71 22 74 100
14 17 68 99
13 37 83 41
61 8 84 78
3 32 49 98
13 49 47 100
32 12 58 90
45 27 48 59
83 7 100 66
34 72 47 73
28 28 58 77
56 33 69 98
63 59 92 85
71 21 94 94
3 15 77 51
19 9 79 61
27 17 81 38
29 18 43 43
5 63 28 94
98 60 98 92
4 24 23 40
75 36 81 69
26 19 28 67
54 1 74 46
12 42 54 82
37 16 79 88
35 30 98 63
17 54 22 96
32 3 57 66
17 16 38 70
50 3 59 72
7 36 87 50
5 47 84 78
23 27 35 96
46 17 80 33
8 55 94 68
22 56 86 99
7 29 98 75
14 70 27 75
30 16 63 27
35 13 61 22
77 48 95 84
79 47 91 64
36 9 74 9
90 49 97 98
6 16 60 55
19 5 50 78
34 60 59 91
49 23 69 78
9 53 86 80
56 35 80 97
31 27 81 84
9 43 73 88
30 49 32 56
42 38 60 84
18 42 79 52
24 34 55 37
52 35 59 96
42 33 91 76
9 48 31 57
96 79 96 80
30 27 78 91
22 33 53 81
47 58 47 89
25 37 60 63
27 29 68 31
40 22 54 34
81 64 86 90
33 4 50 56
42 49 49 73
67 2 73 38
82 4 92 83
38 11 49 90
40 21 59 52
49 1 68 51
33 16 55 71
13 37 68 52
84 77 95 78
72 54 95 99
49 6 100 52
56 7 96 25
73 7 89 21
2 10 23 60
70 55 83 85
24 1 49 6
44 56 78 97
53 41 88 81
20 24 27 41
59 34 90 92
36 8 73 94
14 37 35 52
34 45 68 81
17 38 75 90
32 35 59 64
38 8 58 75
11 24 69 93
65 8 76 70
43 21 99 74
36 16 86 60
4 1 75 93
41 6 55 54
24 79 96 87
46 27 64 94
7 10 79 80
55 37 99 39
71 42 71 75
82 2 100 29
20 8 92 64
33 24 90 60
39 5 42 37
6 6 54 89
4 25 4 39
5 37 25 92
25 5 69 30
27 73 67 91
5 8 44 40
73 28 93 43
17 44 46 91
56 72 93 97
72 60 89 77
9 33 77 52
58 72 80 92
79 62 97 81
4 20 55 38
72 79 89 96
21 21 32 59
7 22 33 35
11 41 95 83
86 31 98 94
38 48 94 68
3 11 54 24
53 64 85 84
16 54 66 90
14 30 92 54
88 10 92 55
15 15 16 73
1 44 58 44
24 72 30 77
19 8 70 14
3 25 72 72
88 19 100 69
17 28 38 78
68 24 77 68
86 2 98 19
3 65 44 85
56 12 73 79
29 35 79 47
7 13 44 52
45 11 94 94
15 36 77 57
47 22 91 29
73 43 97 86
4 28 86 85
95 86 96 94
1 14 15 84
38 16 82 46
38 25 61 72
86 23 92 58
32 18 67 100
