30
42 13 95 41 73 40 49 48 61 14 39 92 93 21 5 83 45 13 64 57 56 94 100 27 35 17 62 90 37 28 
97 100 65 67 34 8 97 36 55 53 44 68 25 33 25 2 61 29 56 44 13 43 95 72 25 85 29 46 55 26 
90 92 50 36 28 25 44 92 78 17 55 84 75 24 21 19 57 2 19 38 67 6 76 32 49 67 93 18 72 80 
11 100 52 66 39 82 36 76 44 16 42 55 73 7 54 56 79 70 84 76 44 2 73 44 83 1 94 84 37 23 
66 45 60 87 76 53 99 79 91 29 50 44 49 94 70 97 14 11 53 52 72 76 62 91 51 86 36 12 44 18 
53 36 17 66 21 22 29 92 35 49 69 23 4 69 17 11 66 68 65 1 62 59 61 28 71 20 81 36 43 8 
50 31 38 73 40 12 23 75 65 86 36 81 80 30 6 18 10 33 51 34 93 91 27 81 23 54 52 37 89 82 
64 39 3 98 5 26 75 8 64 17 42 61 66 6 87 18 42 41 23 4 54 54 74 33 32 53 22 51 67 49 
61 32 56 28 48 78 86 4 43 71 56 88 63 98 29 51 55 54 83 29 46 13 60 33 65 23 22 74 56 71 
3 2 77 98 93 69 81 91 69 68 46 46 59 14 72 37 14 56 26 48 87 3 36 89 17 46 1 72 49 68 
49 57 64 21 49 56 70 34 11 67 6 16 39 42 95 86 58 23 95 16 76 93 54 58 92 26 47 30 9 31 
45 53 34 3 11 84 83 4 100 66 26 59 99 84 20 99 21 38 78 21 24 46 85 83 36 17 20 61 85 13 
76 58 5 9 45 14 76 77 82 2 5 44 23 93 39 88 50 95 68 39 14 40 25 25 16 98 86 20 55 8 
16 51 10 50 52 55 31 20 12 17 39 93 33 27 10 61 20 53 62 20 27 95 5 4 62 43 58 35 20 4 
6 54 21 28 34 32 78 31 70 65 21 64 82 41 8 55 67 52 96 74 61 58 59 11 65 71 5 18 3 4 
47 34 89 66 12 44 78 4 87 59 3 31 69 33 70 26 31 51 86 36 37 78 72 24 53 49 45 86 8 48 
67 70 95 95 22 38 67 70 44 88 76 18 4 41 46 93 31 14 28 76 47 56 74 100 38 10 92 33 45 69 
85 13 8 98 33 74 46 40 36 35 37 88 19 59 60 61 94 25 23 34 44 19 7 88 40 11 58 44 53 42 
10 37 55 27 1 52 4 39 16 40 61 31 97 56 100 29 2 94 56 39 49 96 94 79 53 54 69 49 9 5 
64 92 34 20 13 19 37 88 45 3 53 62 23 87 18 26 75 5 76 91 55 2 48 10 90 9 64 62 65 67 
96 61 99 69 11 39 95 85 96 17 31 31 31 38 2 15 49 87 20 84 78 69 6 41 53 12 37 73 1 7 
89 16 21 90 83 55 12 49 78 22 75 41 30 10 17 33 96 27 45 42 34 45 20 25 98 84 84 39 95 66 
83 98 70 40 57 97 91 56 67 73 27 8 76 36 41 12 31 66 8 6 58 37 46 9 95 36 18 24 1 85 
13 45 19 44 64 70 61 55 43 22 71 10 85 5 11 14 67 27 40 24 39 91 15 11 37 67 69 99 100 72 
14 51 60 35 63 34 26 40 70 53 22 57 44 33 54 78 91 55 89 19 59 75 78 80 42 74 77 9 2 85 
9 21 2 54 30 72 88 89 11 82 93 2 33 6 40 2 92 74 57 97 77 92 4 27 81 87 96 13 75 16 
22 42 83 53 64 76 77 18 16 53 54 76 96 33 50 97 64 43 31 51 61 37 30 13 21 79 99 2 43 35 
37 9 40 10 77 67 58 19 50 40 54 38 65 20 42 41 45 13 43 28 25 29 80 64 62 44 83 34 97 31 
14 97 56 59 35 54 25 8 91 36 15 88 40 8 89 98 87 43 20 58 34 76 68 24 23 72 11 85 30 65 
56 71 35 5 58 43 61 42 89 97 20 91 21 85 30 70 64 72 31 86 13 18 80 81 21 3 44 39 62 51 
10
13 8 28 18
11 8 14 26
10 9 29 16
1 4 2 27
14 12 29 23
8 11 15 17
13 4 27 10
19 12 25 16
3 6 29 16
9 7 26 17
