20
99 70 64 80 58 73 13 59 77 44 33 8 85 93 24 63 86 73 27 86 
43 70 94 78 88 52 1 17 64 23 81 64 46 8 2 74 87 16 72 11 
17 59 53 86 80 56 10 65 90 30 81 55 2 92 90 13 71 35 96 16 
87 69 19 71 53 1 35 69 91 88 52 35 31 66 35 28 67 69 10 20 
37 92 16 46 74 29 27 2 55 83 73 96 74 28 64 82 64 48 49 21 
43 63 71 99 24 13 34 53 58 61 45 21 84 28 94 70 12 43 20 19 
44 78 32 72 1 91 2 25 54 70 29 35 45 31 28 3 93 42 75 25 
7 39 3 74 96 61 36 48 65 62 21 57 23 79 74 79 23 96 69 49 
81 36 10 27 69 11 76 37 93 28 55 6 63 44 45 17 39 12 67 6 
88 97 25 10 38 15 18 27 14 11 55 57 28 18 63 30 39 100 28 72 
68 40 20 14 34 70 85 74 73 98 52 9 25 62 75 14 62 40 56 19 
65 17 83 98 36 80 10 55 16 4 17 86 57 31 15 90 73 23 64 13 
63 98 75 78 5 59 67 93 84 9 86 81 98 15 42 25 100 23 40 73 
62 15 50 51 51 56 1 29 16 14 55 95 38 84 98 26 67 43 10 57 
47 73 99 12 100 63 35 47 24 26 76 24 30 28 67 63 74 98 77 18 
28 46 57 40 91 74 35 62 82 52 65 72 43 20 34 44 65 2 86 5 
21 18 90 89 12 62 12 3 95 21 98 62 58 14 91 24 81 47 32 37 
78 18 8 79 3 53 46 63 90 50 14 47 13 23 99 56 10 100 39 5 
73 14 35 9 84 93 82 95 52 47 94 1 97 51 13 93 8 61 79 66 
86 74 30 63 93 65 39 81 30 67 7 65 27 62 44 5 13 35 74 79 
10
13 6 15 16
1 12 16 20
4 1 10 2
10 4 14 13
16 13 17 13
3 2 19 7
11 8 14 9
1 11 4 18
13 7 20 17
4 8 14 11
