1000 1000 1999
0 999 0
1 999 0
2 999 0
3 999 0
4 999 0
5 999 0
6 999 0
7 999 0
8 999 0
9 999 0
10 999 0
11 999 0
12 999 0
13 999 0
14 999 0
15 999 0
16 999 0
17 999 0
18 999 0
19 999 0
20 999 0
21 999 0
22 999 0
23 999 0
24 999 0
25 999 0
26 999 0
27 999 0
28 999 0
29 999 0
30 999 0
31 999 0
32 999 0
33 999 0
34 999 0
35 999 0
36 999 0
37 999 0
38 999 0
39 999 0
40 999 0
41 999 0
42 999 0
43 999 0
44 999 0
45 999 0
46 999 0
47 999 0
48 999 0
49 999 0
50 999 0
51 999 0
52 999 0
53 999 0
54 999 0
55 999 0
56 999 0
57 999 0
58 999 0
59 999 0
60 999 0
61 999 0
62 999 0
63 999 0
64 999 0
65 999 0
66 999 0
67 999 0
68 999 0
69 999 0
70 999 0
71 999 0
72 999 0
73 999 0
74 999 0
75 999 0
76 999 0
77 999 0
78 999 0
79 999 0
80 999 0
81 999 0
82 999 0
83 999 0
84 999 0
85 999 0
86 999 0
87 999 0
88 999 0
89 999 0
90 999 0
91 999 0
92 999 0
93 999 0
94 999 0
95 999 0
96 999 0
97 999 0
98 999 0
99 999 0
100 999 0
101 999 0
102 999 0
103 999 0
104 999 0
105 999 0
106 999 0
107 999 0
108 999 0
109 999 0
110 999 0
111 999 0
112 999 0
113 999 0
114 999 0
115 999 0
116 999 0
117 999 0
118 999 0
119 999 0
120 999 0
121 999 0
122 999 0
123 999 0
124 999 0
125 999 0
126 999 0
127 999 0
128 999 0
129 999 0
130 999 0
131 999 0
132 999 0
133 999 0
134 999 0
135 999 0
136 999 0
137 999 0
138 999 0
139 999 0
140 999 0
141 999 0
142 999 0
143 999 0
144 999 0
145 999 0
146 999 0
147 999 0
148 999 0
149 999 0
150 999 0
151 999 0
152 999 0
153 999 0
154 999 0
155 999 0
156 999 0
157 999 0
158 999 0
159 999 0
160 999 0
161 999 0
162 999 0
163 999 0
164 999 0
165 999 0
166 999 0
167 999 0
168 999 0
169 999 0
170 999 0
171 999 0
172 999 0
173 999 0
174 999 0
175 999 0
176 999 0
177 999 0
178 999 0
179 999 0
180 999 0
181 999 0
182 999 0
183 999 0
184 999 0
185 999 0
186 999 0
187 999 0
188 999 0
189 999 0
190 999 0
191 999 0
192 999 0
193 999 0
194 999 0
195 999 0
196 999 0
197 999 0
198 999 0
199 999 0
200 999 0
201 999 0
202 999 0
203 999 0
204 999 0
205 999 0
206 999 0
207 999 0
208 999 0
209 999 0
210 999 0
211 999 0
212 999 0
213 999 0
214 999 0
215 999 0
216 999 0
217 999 0
218 999 0
219 999 0
220 999 0
221 999 0
222 999 0
223 999 0
224 999 0
225 999 0
226 999 0
227 999 0
228 999 0
229 999 0
230 999 0
231 999 0
232 999 0
233 999 0
234 999 0
235 999 0
236 999 0
237 999 0
238 999 0
239 999 0
240 999 0
241 999 0
242 999 0
243 999 0
244 999 0
245 999 0
246 999 0
247 999 0
248 999 0
249 999 0
250 999 0
251 999 0
252 999 0
253 999 0
254 999 0
255 999 0
256 999 0
257 999 0
258 999 0
259 999 0
260 999 0
261 999 0
262 999 0
263 999 0
264 999 0
265 999 0
266 999 0
267 999 0
268 999 0
269 999 0
270 999 0
271 999 0
272 999 0
273 999 0
274 999 0
275 999 0
276 999 0
277 999 0
278 999 0
279 999 0
280 999 0
281 999 0
282 999 0
283 999 0
284 999 0
285 999 0
286 999 0
287 999 0
288 999 0
289 999 0
290 999 0
291 999 0
292 999 0
293 999 0
294 999 0
295 999 0
296 999 0
297 999 0
298 999 0
299 999 0
300 999 0
301 999 0
302 999 0
303 999 0
304 999 0
305 999 0
306 999 0
307 999 0
308 999 0
309 999 0
310 999 0
311 999 0
312 999 0
313 999 0
314 999 0
315 999 0
316 999 0
317 999 0
318 999 0
319 999 0
320 999 0
321 999 0
322 999 0
323 999 0
324 999 0
325 999 0
326 999 0
327 999 0
328 999 0
329 999 0
330 999 0
331 999 0
332 999 0
333 999 0
334 999 0
335 999 0
336 999 0
337 999 0
338 999 0
339 999 0
340 999 0
341 999 0
342 999 0
343 999 0
344 999 0
345 999 0
346 999 0
347 999 0
348 999 0
349 999 0
350 999 0
351 999 0
352 999 0
353 999 0
354 999 0
355 999 0
356 999 0
357 999 0
358 999 0
359 999 0
360 999 0
361 999 0
362 999 0
363 999 0
364 999 0
365 999 0
366 999 0
367 999 0
368 999 0
369 999 0
370 999 0
371 999 0
372 999 0
373 999 0
374 999 0
375 999 0
376 999 0
377 999 0
378 999 0
379 999 0
380 999 0
381 999 0
382 999 0
383 999 0
384 999 0
385 999 0
386 999 0
387 999 0
388 999 0
389 999 0
390 999 0
391 999 0
392 999 0
393 999 0
394 999 0
395 999 0
396 999 0
397 999 0
398 999 0
399 999 0
400 999 0
401 999 0
402 999 0
403 999 0
404 999 0
405 999 0
406 999 0
407 999 0
408 999 0
409 999 0
410 999 0
411 999 0
412 999 0
413 999 0
414 999 0
415 999 0
416 999 0
417 999 0
418 999 0
419 999 0
420 999 0
421 999 0
422 999 0
423 999 0
424 999 0
425 999 0
426 999 0
427 999 0
428 999 0
429 999 0
430 999 0
431 999 0
432 999 0
433 999 0
434 999 0
435 999 0
436 999 0
437 999 0
438 999 0
439 999 0
440 999 0
441 999 0
442 999 0
443 999 0
444 999 0
445 999 0
446 999 0
447 999 0
448 999 0
449 999 0
450 999 0
451 999 0
452 999 0
453 999 0
454 999 0
455 999 0
456 999 0
457 999 0
458 999 0
459 999 0
460 999 0
461 999 0
462 999 0
463 999 0
464 999 0
465 999 0
466 999 0
467 999 0
468 999 0
469 999 0
470 999 0
471 999 0
472 999 0
473 999 0
474 999 0
475 999 0
476 999 0
477 999 0
478 999 0
479 999 0
480 999 0
481 999 0
482 999 0
483 999 0
484 999 0
485 999 0
486 999 0
487 999 0
488 999 0
489 999 0
490 999 0
491 999 0
492 999 0
493 999 0
494 999 0
495 999 0
496 999 0
497 999 0
498 999 0
499 999 0
500 999 0
501 999 0
502 999 0
503 999 0
504 999 0
505 999 0
506 999 0
507 999 0
508 999 0
509 999 0
510 999 0
511 999 0
512 999 0
513 999 0
514 999 0
515 999 0
516 999 0
517 999 0
518 999 0
519 999 0
520 999 0
521 999 0
522 999 0
523 999 0
524 999 0
525 999 0
526 999 0
527 999 0
528 999 0
529 999 0
530 999 0
531 999 0
532 999 0
533 999 0
534 999 0
535 999 0
536 999 0
537 999 0
538 999 0
539 999 0
540 999 0
541 999 0
542 999 0
543 999 0
544 999 0
545 999 0
546 999 0
547 999 0
548 999 0
549 999 0
550 999 0
551 999 0
552 999 0
553 999 0
554 999 0
555 999 0
556 999 0
557 999 0
558 999 0
559 999 0
560 999 0
561 999 0
562 999 0
563 999 0
564 999 0
565 999 0
566 999 0
567 999 0
568 999 0
569 999 0
570 999 0
571 999 0
572 999 0
573 999 0
574 999 0
575 999 0
576 999 0
577 999 0
578 999 0
579 999 0
580 999 0
581 999 0
582 999 0
583 999 0
584 999 0
585 999 0
586 999 0
587 999 0
588 999 0
589 999 0
590 999 0
591 999 0
592 999 0
593 999 0
594 999 0
595 999 0
596 999 0
597 999 0
598 999 0
599 999 0
600 999 0
601 999 0
602 999 0
603 999 0
604 999 0
605 999 0
606 999 0
607 999 0
608 999 0
609 999 0
610 999 0
611 999 0
612 999 0
613 999 0
614 999 0
615 999 0
616 999 0
617 999 0
618 999 0
619 999 0
620 999 0
621 999 0
622 999 0
623 999 0
624 999 0
625 999 0
626 999 0
627 999 0
628 999 0
629 999 0
630 999 0
631 999 0
632 999 0
633 999 0
634 999 0
635 999 0
636 999 0
637 999 0
638 999 0
639 999 0
640 999 0
641 999 0
642 999 0
643 999 0
644 999 0
645 999 0
646 999 0
647 999 0
648 999 0
649 999 0
650 999 0
651 999 0
652 999 0
653 999 0
654 999 0
655 999 0
656 999 0
657 999 0
658 999 0
659 999 0
660 999 0
661 999 0
662 999 0
663 999 0
664 999 0
665 999 0
666 999 0
667 999 0
668 999 0
669 999 0
670 999 0
671 999 0
672 999 0
673 999 0
674 999 0
675 999 0
676 999 0
677 999 0
678 999 0
679 999 0
680 999 0
681 999 0
682 999 0
683 999 0
684 999 0
685 999 0
686 999 0
687 999 0
688 999 0
689 999 0
690 999 0
691 999 0
692 999 0
693 999 0
694 999 0
695 999 0
696 999 0
697 999 0
698 999 0
699 999 0
700 999 0
701 999 0
702 999 0
703 999 0
704 999 0
705 999 0
706 999 0
707 999 0
708 999 0
709 999 0
710 999 0
711 999 0
712 999 0
713 999 0
714 999 0
715 999 0
716 999 0
717 999 0
718 999 0
719 999 0
720 999 0
721 999 0
722 999 0
723 999 0
724 999 0
725 999 0
726 999 0
727 999 0
728 999 0
729 999 0
730 999 0
731 999 0
732 999 0
733 999 0
734 999 0
735 999 0
736 999 0
737 999 0
738 999 0
739 999 0
740 999 0
741 999 0
742 999 0
743 999 0
744 999 0
745 999 0
746 999 0
747 999 0
748 999 0
749 999 0
750 999 0
751 999 0
752 999 0
753 999 0
754 999 0
755 999 0
756 999 0
757 999 0
758 999 0
759 999 0
760 999 0
761 999 0
762 999 0
763 999 0
764 999 0
765 999 0
766 999 0
767 999 0
768 999 0
769 999 0
770 999 0
771 999 0
772 999 0
773 999 0
774 999 0
775 999 0
776 999 0
777 999 0
778 999 0
779 999 0
780 999 0
781 999 0
782 999 0
783 999 0
784 999 0
785 999 0
786 999 0
787 999 0
788 999 0
789 999 0
790 999 0
791 999 0
792 999 0
793 999 0
794 999 0
795 999 0
796 999 0
797 999 0
798 999 0
799 999 0
800 999 0
801 999 0
802 999 0
803 999 0
804 999 0
805 999 0
806 999 0
807 999 0
808 999 0
809 999 0
810 999 0
811 999 0
812 999 0
813 999 0
814 999 0
815 999 0
816 999 0
817 999 0
818 999 0
819 999 0
820 999 0
821 999 0
822 999 0
823 999 0
824 999 0
825 999 0
826 999 0
827 999 0
828 999 0
829 999 0
830 999 0
831 999 0
832 999 0
833 999 0
834 999 0
835 999 0
836 999 0
837 999 0
838 999 0
839 999 0
840 999 0
841 999 0
842 999 0
843 999 0
844 999 0
845 999 0
846 999 0
847 999 0
848 999 0
849 999 0
850 999 0
851 999 0
852 999 0
853 999 0
854 999 0
855 999 0
856 999 0
857 999 0
858 999 0
859 999 0
860 999 0
861 999 0
862 999 0
863 999 0
864 999 0
865 999 0
866 999 0
867 999 0
868 999 0
869 999 0
870 999 0
871 999 0
872 999 0
873 999 0
874 999 0
875 999 0
876 999 0
877 999 0
878 999 0
879 999 0
880 999 0
881 999 0
882 999 0
883 999 0
884 999 0
885 999 0
886 999 0
887 999 0
888 999 0
889 999 0
890 999 0
891 999 0
892 999 0
893 999 0
894 999 0
895 999 0
896 999 0
897 999 0
898 999 0
899 999 0
900 999 0
901 999 0
902 999 0
903 999 0
904 999 0
905 999 0
906 999 0
907 999 0
908 999 0
909 999 0
910 999 0
911 999 0
912 999 0
913 999 0
914 999 0
915 999 0
916 999 0
917 999 0
918 999 0
919 999 0
920 999 0
921 999 0
922 999 0
923 999 0
924 999 0
925 999 0
926 999 0
927 999 0
928 999 0
929 999 0
930 999 0
931 999 0
932 999 0
933 999 0
934 999 0
935 999 0
936 999 0
937 999 0
938 999 0
939 999 0
940 999 0
941 999 0
942 999 0
943 999 0
944 999 0
945 999 0
946 999 0
947 999 0
948 999 0
949 999 0
950 999 0
951 999 0
952 999 0
953 999 0
954 999 0
955 999 0
956 999 0
957 999 0
958 999 0
959 999 0
960 999 0
961 999 0
962 999 0
963 999 0
964 999 0
965 999 0
966 999 0
967 999 0
968 999 0
969 999 0
970 999 0
971 999 0
972 999 0
973 999 0
974 999 0
975 999 0
976 999 0
977 999 0
978 999 0
979 999 0
980 999 0
981 999 0
982 999 0
983 999 0
984 999 0
985 999 0
986 999 0
987 999 0
988 999 0
989 999 0
990 999 0
991 999 0
992 999 0
993 999 0
994 999 0
995 999 0
996 999 0
997 999 0
998 999 0
999 999 0
1 0 1
2 0 1
3 0 1
4 0 1
5 0 1
6 0 1
7 0 1
8 0 1
9 0 1
10 0 1
11 0 1
12 0 1
13 0 1
14 0 1
15 0 1
16 0 1
17 0 1
18 0 1
19 0 1
20 0 1
21 0 1
22 0 1
23 0 1
24 0 1
25 0 1
26 0 1
27 0 1
28 0 1
29 0 1
30 0 1
31 0 1
32 0 1
33 0 1
34 0 1
35 0 1
36 0 1
37 0 1
38 0 1
39 0 1
40 0 1
41 0 1
42 0 1
43 0 1
44 0 1
45 0 1
46 0 1
47 0 1
48 0 1
49 0 1
50 0 1
51 0 1
52 0 1
53 0 1
54 0 1
55 0 1
56 0 1
57 0 1
58 0 1
59 0 1
60 0 1
61 0 1
62 0 1
63 0 1
64 0 1
65 0 1
66 0 1
67 0 1
68 0 1
69 0 1
70 0 1
71 0 1
72 0 1
73 0 1
74 0 1
75 0 1
76 0 1
77 0 1
78 0 1
79 0 1
80 0 1
81 0 1
82 0 1
83 0 1
84 0 1
85 0 1
86 0 1
87 0 1
88 0 1
89 0 1
90 0 1
91 0 1
92 0 1
93 0 1
94 0 1
95 0 1
96 0 1
97 0 1
98 0 1
99 0 1
100 0 1
101 0 1
102 0 1
103 0 1
104 0 1
105 0 1
106 0 1
107 0 1
108 0 1
109 0 1
110 0 1
111 0 1
112 0 1
113 0 1
114 0 1
115 0 1
116 0 1
117 0 1
118 0 1
119 0 1
120 0 1
121 0 1
122 0 1
123 0 1
124 0 1
125 0 1
126 0 1
127 0 1
128 0 1
129 0 1
130 0 1
131 0 1
132 0 1
133 0 1
134 0 1
135 0 1
136 0 1
137 0 1
138 0 1
139 0 1
140 0 1
141 0 1
142 0 1
143 0 1
144 0 1
145 0 1
146 0 1
147 0 1
148 0 1
149 0 1
150 0 1
151 0 1
152 0 1
153 0 1
154 0 1
155 0 1
156 0 1
157 0 1
158 0 1
159 0 1
160 0 1
161 0 1
162 0 1
163 0 1
164 0 1
165 0 1
166 0 1
167 0 1
168 0 1
169 0 1
170 0 1
171 0 1
172 0 1
173 0 1
174 0 1
175 0 1
176 0 1
177 0 1
178 0 1
179 0 1
180 0 1
181 0 1
182 0 1
183 0 1
184 0 1
185 0 1
186 0 1
187 0 1
188 0 1
189 0 1
190 0 1
191 0 1
192 0 1
193 0 1
194 0 1
195 0 1
196 0 1
197 0 1
198 0 1
199 0 1
200 0 1
201 0 1
202 0 1
203 0 1
204 0 1
205 0 1
206 0 1
207 0 1
208 0 1
209 0 1
210 0 1
211 0 1
212 0 1
213 0 1
214 0 1
215 0 1
216 0 1
217 0 1
218 0 1
219 0 1
220 0 1
221 0 1
222 0 1
223 0 1
224 0 1
225 0 1
226 0 1
227 0 1
228 0 1
229 0 1
230 0 1
231 0 1
232 0 1
233 0 1
234 0 1
235 0 1
236 0 1
237 0 1
238 0 1
239 0 1
240 0 1
241 0 1
242 0 1
243 0 1
244 0 1
245 0 1
246 0 1
247 0 1
248 0 1
249 0 1
250 0 1
251 0 1
252 0 1
253 0 1
254 0 1
255 0 1
256 0 1
257 0 1
258 0 1
259 0 1
260 0 1
261 0 1
262 0 1
263 0 1
264 0 1
265 0 1
266 0 1
267 0 1
268 0 1
269 0 1
270 0 1
271 0 1
272 0 1
273 0 1
274 0 1
275 0 1
276 0 1
277 0 1
278 0 1
279 0 1
280 0 1
281 0 1
282 0 1
283 0 1
284 0 1
285 0 1
286 0 1
287 0 1
288 0 1
289 0 1
290 0 1
291 0 1
292 0 1
293 0 1
294 0 1
295 0 1
296 0 1
297 0 1
298 0 1
299 0 1
300 0 1
301 0 1
302 0 1
303 0 1
304 0 1
305 0 1
306 0 1
307 0 1
308 0 1
309 0 1
310 0 1
311 0 1
312 0 1
313 0 1
314 0 1
315 0 1
316 0 1
317 0 1
318 0 1
319 0 1
320 0 1
321 0 1
322 0 1
323 0 1
324 0 1
325 0 1
326 0 1
327 0 1
328 0 1
329 0 1
330 0 1
331 0 1
332 0 1
333 0 1
334 0 1
335 0 1
336 0 1
337 0 1
338 0 1
339 0 1
340 0 1
341 0 1
342 0 1
343 0 1
344 0 1
345 0 1
346 0 1
347 0 1
348 0 1
349 0 1
350 0 1
351 0 1
352 0 1
353 0 1
354 0 1
355 0 1
356 0 1
357 0 1
358 0 1
359 0 1
360 0 1
361 0 1
362 0 1
363 0 1
364 0 1
365 0 1
366 0 1
367 0 1
368 0 1
369 0 1
370 0 1
371 0 1
372 0 1
373 0 1
374 0 1
375 0 1
376 0 1
377 0 1
378 0 1
379 0 1
380 0 1
381 0 1
382 0 1
383 0 1
384 0 1
385 0 1
386 0 1
387 0 1
388 0 1
389 0 1
390 0 1
391 0 1
392 0 1
393 0 1
394 0 1
395 0 1
396 0 1
397 0 1
398 0 1
399 0 1
400 0 1
401 0 1
402 0 1
403 0 1
404 0 1
405 0 1
406 0 1
407 0 1
408 0 1
409 0 1
410 0 1
411 0 1
412 0 1
413 0 1
414 0 1
415 0 1
416 0 1
417 0 1
418 0 1
419 0 1
420 0 1
421 0 1
422 0 1
423 0 1
424 0 1
425 0 1
426 0 1
427 0 1
428 0 1
429 0 1
430 0 1
431 0 1
432 0 1
433 0 1
434 0 1
435 0 1
436 0 1
437 0 1
438 0 1
439 0 1
440 0 1
441 0 1
442 0 1
443 0 1
444 0 1
445 0 1
446 0 1
447 0 1
448 0 1
449 0 1
450 0 1
451 0 1
452 0 1
453 0 1
454 0 1
455 0 1
456 0 1
457 0 1
458 0 1
459 0 1
460 0 1
461 0 1
462 0 1
463 0 1
464 0 1
465 0 1
466 0 1
467 0 1
468 0 1
469 0 1
470 0 1
471 0 1
472 0 1
473 0 1
474 0 1
475 0 1
476 0 1
477 0 1
478 0 1
479 0 1
480 0 1
481 0 1
482 0 1
483 0 1
484 0 1
485 0 1
486 0 1
487 0 1
488 0 1
489 0 1
490 0 1
491 0 1
492 0 1
493 0 1
494 0 1
495 0 1
496 0 1
497 0 1
498 0 1
499 0 1
500 0 1
501 0 1
502 0 1
503 0 1
504 0 1
505 0 1
506 0 1
507 0 1
508 0 1
509 0 1
510 0 1
511 0 1
512 0 1
513 0 1
514 0 1
515 0 1
516 0 1
517 0 1
518 0 1
519 0 1
520 0 1
521 0 1
522 0 1
523 0 1
524 0 1
525 0 1
526 0 1
527 0 1
528 0 1
529 0 1
530 0 1
531 0 1
532 0 1
533 0 1
534 0 1
535 0 1
536 0 1
537 0 1
538 0 1
539 0 1
540 0 1
541 0 1
542 0 1
543 0 1
544 0 1
545 0 1
546 0 1
547 0 1
548 0 1
549 0 1
550 0 1
551 0 1
552 0 1
553 0 1
554 0 1
555 0 1
556 0 1
557 0 1
558 0 1
559 0 1
560 0 1
561 0 1
562 0 1
563 0 1
564 0 1
565 0 1
566 0 1
567 0 1
568 0 1
569 0 1
570 0 1
571 0 1
572 0 1
573 0 1
574 0 1
575 0 1
576 0 1
577 0 1
578 0 1
579 0 1
580 0 1
581 0 1
582 0 1
583 0 1
584 0 1
585 0 1
586 0 1
587 0 1
588 0 1
589 0 1
590 0 1
591 0 1
592 0 1
593 0 1
594 0 1
595 0 1
596 0 1
597 0 1
598 0 1
599 0 1
600 0 1
601 0 1
602 0 1
603 0 1
604 0 1
605 0 1
606 0 1
607 0 1
608 0 1
609 0 1
610 0 1
611 0 1
612 0 1
613 0 1
614 0 1
615 0 1
616 0 1
617 0 1
618 0 1
619 0 1
620 0 1
621 0 1
622 0 1
623 0 1
624 0 1
625 0 1
626 0 1
627 0 1
628 0 1
629 0 1
630 0 1
631 0 1
632 0 1
633 0 1
634 0 1
635 0 1
636 0 1
637 0 1
638 0 1
639 0 1
640 0 1
641 0 1
642 0 1
643 0 1
644 0 1
645 0 1
646 0 1
647 0 1
648 0 1
649 0 1
650 0 1
651 0 1
652 0 1
653 0 1
654 0 1
655 0 1
656 0 1
657 0 1
658 0 1
659 0 1
660 0 1
661 0 1
662 0 1
663 0 1
664 0 1
665 0 1
666 0 1
667 0 1
668 0 1
669 0 1
670 0 1
671 0 1
672 0 1
673 0 1
674 0 1
675 0 1
676 0 1
677 0 1
678 0 1
679 0 1
680 0 1
681 0 1
682 0 1
683 0 1
684 0 1
685 0 1
686 0 1
687 0 1
688 0 1
689 0 1
690 0 1
691 0 1
692 0 1
693 0 1
694 0 1
695 0 1
696 0 1
697 0 1
698 0 1
699 0 1
700 0 1
701 0 1
702 0 1
703 0 1
704 0 1
705 0 1
706 0 1
707 0 1
708 0 1
709 0 1
710 0 1
711 0 1
712 0 1
713 0 1
714 0 1
715 0 1
716 0 1
717 0 1
718 0 1
719 0 1
720 0 1
721 0 1
722 0 1
723 0 1
724 0 1
725 0 1
726 0 1
727 0 1
728 0 1
729 0 1
730 0 1
731 0 1
732 0 1
733 0 1
734 0 1
735 0 1
736 0 1
737 0 1
738 0 1
739 0 1
740 0 1
741 0 1
742 0 1
743 0 1
744 0 1
745 0 1
746 0 1
747 0 1
748 0 1
749 0 1
750 0 1
751 0 1
752 0 1
753 0 1
754 0 1
755 0 1
756 0 1
757 0 1
758 0 1
759 0 1
760 0 1
761 0 1
762 0 1
763 0 1
764 0 1
765 0 1
766 0 1
767 0 1
768 0 1
769 0 1
770 0 1
771 0 1
772 0 1
773 0 1
774 0 1
775 0 1
776 0 1
777 0 1
778 0 1
779 0 1
780 0 1
781 0 1
782 0 1
783 0 1
784 0 1
785 0 1
786 0 1
787 0 1
788 0 1
789 0 1
790 0 1
791 0 1
792 0 1
793 0 1
794 0 1
795 0 1
796 0 1
797 0 1
798 0 1
799 0 1
800 0 1
801 0 1
802 0 1
803 0 1
804 0 1
805 0 1
806 0 1
807 0 1
808 0 1
809 0 1
810 0 1
811 0 1
812 0 1
813 0 1
814 0 1
815 0 1
816 0 1
817 0 1
818 0 1
819 0 1
820 0 1
821 0 1
822 0 1
823 0 1
824 0 1
825 0 1
826 0 1
827 0 1
828 0 1
829 0 1
830 0 1
831 0 1
832 0 1
833 0 1
834 0 1
835 0 1
836 0 1
837 0 1
838 0 1
839 0 1
840 0 1
841 0 1
842 0 1
843 0 1
844 0 1
845 0 1
846 0 1
847 0 1
848 0 1
849 0 1
850 0 1
851 0 1
852 0 1
853 0 1
854 0 1
855 0 1
856 0 1
857 0 1
858 0 1
859 0 1
860 0 1
861 0 1
862 0 1
863 0 1
864 0 1
865 0 1
866 0 1
867 0 1
868 0 1
869 0 1
870 0 1
871 0 1
872 0 1
873 0 1
874 0 1
875 0 1
876 0 1
877 0 1
878 0 1
879 0 1
880 0 1
881 0 1
882 0 1
883 0 1
884 0 1
885 0 1
886 0 1
887 0 1
888 0 1
889 0 1
890 0 1
891 0 1
892 0 1
893 0 1
894 0 1
895 0 1
896 0 1
897 0 1
898 0 1
899 0 1
900 0 1
901 0 1
902 0 1
903 0 1
904 0 1
905 0 1
906 0 1
907 0 1
908 0 1
909 0 1
910 0 1
911 0 1
912 0 1
913 0 1
914 0 1
915 0 1
916 0 1
917 0 1
918 0 1
919 0 1
920 0 1
921 0 1
922 0 1
923 0 1
924 0 1
925 0 1
926 0 1
927 0 1
928 0 1
929 0 1
930 0 1
931 0 1
932 0 1
933 0 1
934 0 1
935 0 1
936 0 1
937 0 1
938 0 1
939 0 1
940 0 1
941 0 1
942 0 1
943 0 1
944 0 1
945 0 1
946 0 1
947 0 1
948 0 1
949 0 1
950 0 1
951 0 1
952 0 1
953 0 1
954 0 1
955 0 1
956 0 1
957 0 1
958 0 1
959 0 1
960 0 1
961 0 1
962 0 1
963 0 1
964 0 1
965 0 1
966 0 1
967 0 1
968 0 1
969 0 1
970 0 1
971 0 1
972 0 1
973 0 1
974 0 1
975 0 1
976 0 1
977 0 1
978 0 1
979 0 1
980 0 1
981 0 1
982 0 1
983 0 1
984 0 1
985 0 1
986 0 1
987 0 1
988 0 1
989 0 1
990 0 1
991 0 1
992 0 1
993 0 1
994 0 1
995 0 1
996 0 1
997 0 1
998 0 1
999 0 1
