100
23721
-11240
11054
20600
12036
13720
-4612
-18717
-515
9050
-2256
-25874
24512
1245
-20528
-9341
17647
-11235
20775
11587
-855
11857
-9993
-14077
7004
1733
-22033
-10838
28065
-23123
-21341
12972
16081
24978
13037
17375
-24824
28964
-10608
24868
-7965
-15406
9268
-14553
25004
-4486
7506
-21861
-17586
-28556
5548
-12657
19828
29387
23085
-12166
-15284
21593
-1795
2121
16706
-6507
-15050
-8485
-8396
-80
-14201
-9826
13132
4155
20419
3566
-3480
27104
12687
9789
17125
-28156
-1431
-9684
-18141
18710
-8402
25704
20832
3077
17321
-14885
24610
16289
-12883
20464
4603
-28186
-19768
-22939
23572
23170
25370
12757
